,Avg_prob_test,Avg_prob_train,Coverage_test,Eps,Lower_test,Probability_violations_train,Test_val,Train_val,Upper_test,Violations_test,Violations_train,index
0,0.29377777777777775,0.25466666666666665,0.08074074139197668,0.5,-1.020186421809565,[0.25466667],-0.8453356925845114,-0.7848250867726553,-0.8516327072746601,23.185223491811087,23.370347239305364,0.0
1,0.26592592592592595,0.24400000000000002,0.0912592601031065,0.5408163265306121,-1.0608195736814847,[0.244],-0.9258162579768217,-0.8536257240789763,-0.9140557635098598,19.893099972944007,20.43038055494429,0.9333333333333333
2,0.2394074074074074,0.21733333333333338,0.10474074035882949,0.5816326530612244,-1.091165573715364,[0.21733333],-0.9900123895520597,-0.9150675440557763,-0.9671287465064794,16.92666508056128,17.637590184817057,1.8666666666666667
3,0.2151111111111111,0.19866666666666669,0.11881481409072876,0.6224489795918368,-1.111307221014685,[0.19866667],-1.0393062662597052,-0.9629677596872352,-1.0191323827251215,14.258275263877655,15.11563187887901,2.8
4,0.19200000000000003,0.18000000000000005,0.1352592597405116,0.663265306122449,-1.1370056490530376,[0.18],-1.0736630781322427,-0.9996129344535108,-1.0459809786047436,11.888626758775509,12.818774385601312,3.7333333333333334
5,0.17111111111111113,0.152,0.14962962915500005,0.7040816326530611,-1.1486010182301045,[0.152],-1.094845134483046,-1.0206764235290051,-1.0863877469665082,9.782473363604167,10.833550620116862,4.666666666666667
6,0.14859259259259255,0.136,0.16651852205395698,0.7448979591836734,-1.1472687940796915,[0.136],-1.1028003982802839,-1.0298334569168561,-1.0786982999832964,7.940855825925118,9.086455976500996,5.6
7,0.1285925925925926,0.11999999999999998,0.18325926040609677,0.7857142857142859,-1.158752700074691,[0.12],-1.0982052129163975,-1.02799974139463,-1.0624570648180989,6.350247247827327,7.559176279080284,6.533333333333333
8,0.10874074074074075,0.10266666666666667,0.19822222193082173,0.8265306122448982,-1.1448555196213663,[0.10266667],-1.0816269992316419,-1.0147996969988378,-1.0368169949885262,4.999299272362932,6.259223203882029,7.466666666666667
9,0.08844444444444445,0.09200000000000001,0.21525925944248836,0.8673469387755102,-1.1147220842327072,[0.092],-1.0533302552539605,-0.9944465855710006,-0.9874320703614096,3.882721906350842,5.1023314720957105,8.4
10,0.07362962962962964,0.08133333333333334,0.23170370509227117,0.9081632653061221,-1.0865534276551139,[0.08133333],-1.0150520431931795,-0.967778988966309,-0.923707736287396,2.965773882551733,4.071729421530927,9.333333333333334
11,0.05807407407407407,0.064,0.24607407649358112,0.9489795918367343,-1.0366918069409172,[0.064],-0.9677193353165366,-0.9327185576853539,-0.8873225976739265,2.229915788383891,3.2089840832783056,10.266666666666667
12,0.04474074074074074,0.05466666666666667,0.2570370376110077,0.9897959183673471,-0.9865493492925054,[0.05466667],-0.9116501438048584,-0.8896501701683852,-0.8316768550384207,1.668787373727907,2.506397867344992,11.2
13,0.032888888888888884,0.03866666666666667,0.2693333293000857,1.030612244897959,-0.9313447263597395,[0.03866667],-0.8483003392794044,-0.8379224359285183,-0.7688359060995911,1.2532712050614985,1.976998577076849,12.133333333333333
14,0.025481481481481483,0.032,0.28029629538456596,1.0714285714285714,-0.8663570298199832,[0.032],-0.7793355696566994,-0.7796818216352992,-0.6780260688259451,0.9500543429205431,1.5778568886034785,13.066666666666666
15,0.01792592592592592,0.025333333333333333,0.29081481993198394,1.1122448979591832,-0.7850210419527146,[0.02533333],-0.7064699275101766,-0.7172442778151502,-0.5942712847365165,0.7248549292920627,1.2626537914918432,14.0
16,0.014666666666666666,0.021333333333333333,0.3020740792155266,1.1530612244897962,-0.7279474945503809,[0.02133333],-0.6335103847760475,-0.6547113665655492,-0.5120116745392266,0.5575681137803004,0.9949908385736518,14.933333333333334
17,0.010962962962962963,0.016,0.3122962981462479,1.193877551020408,-0.6731819999827264,[0.016],-0.5736847295291465,-0.6016582710248856,-0.47078484153505995,0.42830452037747074,0.7984629343094777,15.866666666666667
18,0.007851851851851853,0.012000000000000002,0.32192592471838,1.2346938775510203,-0.6266022634345852,[0.012],-0.5300826821120126,-0.5615557548377569,-0.4094859830029048,0.3314021991323911,0.6528302938349093,16.8
19,0.005629629629629629,0.010666666666666666,0.3325925901532173,1.2755102040816326,-0.5906962319503853,[0.01066667],-0.49043072789061287,-0.5244445501878203,-0.3657731321541355,0.2560347242008482,0.5178268686501571,17.733333333333334
20,0.0044444444444444444,0.008,0.3414814775188764,1.3163265306122445,-0.5870163361048953,[0.008],-0.4548879380295074,-0.48998426592997596,-0.32630106633379174,0.19943086715464448,0.4146514109449223,18.666666666666668
21,0.0035555555555555557,0.006666666666666667,0.3502222259839376,1.3571428571428574,-0.5608109499220202,[0.00666667],-0.4251688685168143,-0.46111377074662613,-0.2882732587768828,0.15738611129674765,0.33769570275248045,19.6
22,0.0029629629629629632,0.005333333333333333,0.35688889076312386,1.3979591836734688,-0.5275597504307467,[0.00533333],-0.40285689850064255,-0.4381398719281545,-0.2601651653890659,0.12101081508434842,0.27703574867350095,20.533333333333335
23,0.002074074074074074,0.004,0.36474074025948844,1.4387755102040816,-0.49670271325165044,[0.004],-0.3786798546236508,-0.412641890818656,-0.22946316052601,0.09426963465354833,0.22245963041055009,21.466666666666665
24,0.0014814814814814816,0.0026666666666666666,0.37244444886843364,1.479591836734694,-0.4817115097248284,[0.00266667],-0.356569165641109,-0.38879552750744456,-0.19876115264454092,0.07662578436914148,0.1812129246788619,22.4
25,0.0011851851851851852,0.0026666666666666666,0.3782222201426824,1.520408163265306,-0.4726913733124628,[0.00266667],-0.3351627991758731,-0.36579650023376536,-0.17513980675079815,0.0620443003315198,0.14964725873022308,23.333333333333332
26,0.0005925925925925926,0.0026666666666666666,0.38400000234444936,1.5612244897959184,-0.4630138938842744,[0.00266667],-0.3178336897132351,-0.34734448204207724,-0.18025077095442105,0.05292717456494483,0.1155825616798256,24.266666666666666
27,0.00014814814814814815,0.0013333333333333333,0.3899259279171626,1.60204081632653,-0.4131602845365534,[0.00133333],-0.30010333120830396,-0.32852303928209486,-0.16370485480035654,0.05032457410027155,0.09679200895591893,25.2
28,0.0,0.0013333333333333333,0.3957037071386973,1.6428571428571426,-0.36408063590576895,[0.00133333],-0.28174240524764493,-0.3094505837754279,-0.1468567748299715,0.05000000558605321,0.08340515272944474,26.133333333333333
29,0.0,0.0013333333333333333,0.40207407375176746,1.6836734693877558,-0.3150009867490044,[0.00133333],-0.2649166955572183,-0.29253988197315456,-0.12524443302712174,0.05000000322135075,0.0700182944424401,27.066666666666666
30,0.0,0.0013333333333333333,0.4088888903458913,1.724489795918367,-0.30338702881976165,[0.00133333],-0.24807162120548645,-0.2750252800935909,-0.09807628569060102,0.05000000424094015,0.056631439439104495,28.0
31,0.0,0.0,0.41614814698696134,1.7653061224489794,-0.3038629713967346,[0.],-0.23437104894503885,-0.2603540335061189,-0.07066248717034172,0.05000000524642656,0.050000005170933316,28.933333333333334
32,0.0,0.0,0.42103703220685323,1.8061224489795924,-0.3142546012507397,[0.],-0.2210580794182904,-0.2462930895878877,-0.0391708186258932,0.05000000331705278,0.05000000358443528,29.866666666666667
33,0.0,0.0,0.4285925934712092,1.8469387755102036,-0.3210644580957583,[0.],-0.20806441089300198,-0.2329661115755021,-0.015283443854210358,0.05000001985681476,0.050000018602875,30.8
34,0.0,0.0,0.43274074196815493,1.8877551020408168,-0.3239926904694014,[0.],-0.1979320021457325,-0.2227853140519061,-0.011366655033978568,0.05000000000000001,0.05000000000000001,31.733333333333334
35,0.0,0.0,0.437629630168279,1.928571428571428,-0.3221993947873111,[0.],-0.18699056467436115,-0.21183411444894465,-0.006905379674381188,0.05000000000000001,0.05000000000000001,32.666666666666664
36,0.0,0.0,0.4428148160378138,1.9693877551020407,-0.31709789064303956,[0.],-0.1750509976872491,-0.19989463395296722,-0.0007665287600242446,0.05000000000000001,0.05000000000000001,33.6
37,0.0,0.0,0.44874073763688405,2.0102040816326534,-0.3100295385360145,[0.],-0.16460302375071778,-0.18992479909763219,4.309090641255102e-09,0.05000000000000001,0.05000000000000001,34.53333333333333
38,0.0,0.0,0.4555555611848831,2.051020408163265,-0.300102379809757,[0.],-0.15742124823003112,-0.18464804627379042,4.214915913358302e-09,0.05000000000000001,0.05000000000000001,35.46666666666667
39,0.0,0.0,0.46029629906018577,2.0918367346938775,-0.2881625490738577,[0.],-0.15159385526655958,-0.18151159496669342,5.224150710748293e-09,0.05000000000000001,0.05000000000000001,36.4
40,0.0,0.0,0.4659259269634883,2.132653061224489,-0.26517814401777107,[0.],-0.14520263260192698,-0.17767130431992045,5.785258376906231e-09,0.05000000000000001,0.05000000000000001,37.333333333333336
41,0.0,0.0,0.4709629585345586,2.1734693877551012,-0.24003841456078615,[0.],-0.13862154971373133,-0.17381680106927636,5.976924851184805e-09,0.05000000000000001,0.05000000000000001,38.266666666666666
42,0.0,0.0,0.4759999990463257,2.214285714285715,-0.21357736954326711,[0.],-0.13173259374233096,-0.1698098480643177,5.261885969974195e-09,0.05000000000000001,0.05000000000000001,39.2
43,0.0,0.0,0.47955554723739624,2.255102040816326,-0.18658678883449734,[0.],-0.12424174156106985,-0.16516628028175875,4.742129675351717e-09,0.05000000000000001,0.05000000000000001,40.13333333333333
44,0.0,0.0,0.48414814670880635,2.295918367346938,-0.158628177706362,[0.],-0.11615807832328777,-0.16014476455110865,4.262343966079612e-09,0.05000000000000001,0.05000000000000001,41.06666666666667
45,0.0,0.0,0.4891851822535197,2.3367346938775517,-0.12848390254293765,[0.],-0.10763311951832379,-0.1548888003692139,5.137272271533903e-09,0.05000000000000001,0.05000000000000001,42.0
46,0.0,0.0,0.4925925890604655,2.377551020408163,-0.09646004016603127,[0.],-0.09866263907016451,-0.14958985992750656,4.5962266863934726e-09,0.05000000000000001,0.05000000000000001,42.93333333333333
47,0.0,0.0,0.49762962659200033,2.4183673469387754,-0.06857744610861319,[0.],-0.08978741660968811,-0.1446884188908259,4.1311164358672915e-09,0.05000000000000001,0.05000000000000001,43.86666666666667
48,0.0,0.0,0.5028148154417674,2.4591836734693877,-0.05101919982600192,[0.],-0.0807526401483494,-0.1394133235972819,3.7085726892169904e-09,0.05000000000000001,0.05000000000000001,44.8
49,0.0,0.0,0.50755555331707,2.5,-0.03609584208233646,[0.],-0.07145063873234933,-0.1332633420519456,5.101372407453156e-09,0.05000000000000001,0.05000000000000001,45.733333333333334
