,Avg_prob_test,Avg_prob_train,Coverage_test,Eps,Lower_test,Probability_violations_train,Test_val,Train_val,Upper_test,Violations_test,Violations_train,index
0,0.26666666666666666,0.22933333333333333,0.07703703852991263,0.5,-1.1901741731715572,[0.22933333],-1.0800450718022587,-1.08322816163883,-0.9998102061616359,18.517707770838392,17.71331275538785,0.0
1,0.24414814814814814,0.21333333333333337,0.08740740790963172,0.5408163265306121,-1.2047903949860368,[0.21333333],-1.1321669587039362,-1.122393485741854,-1.0614309536464899,16.048529620422446,15.623471995999417,0.9333333333333333
2,0.2174814814814815,0.19066666666666668,0.10029629568258921,0.5816326530612244,-1.2210428029419118,[0.19066667],-1.1723410111462478,-1.153127260789456,-1.1138654687926133,13.818308180296864,13.702262235959674,1.8666666666666667
3,0.1943703703703704,0.1746666666666667,0.1115555559595426,0.6224489795918368,-1.234813806028895,[0.17466667],-1.2008263575362248,-1.1744786477532356,-1.1595691485994424,11.821860845436388,11.968700223292103,2.8
4,0.17511111111111108,0.15600000000000003,0.1234074076016744,0.663265306122449,-1.2647096960149078,[0.156],-1.2184539633606983,-1.18839132995949,-1.1797864900724602,10.04256831441754,10.3839123025375,3.7333333333333334
5,0.15718518518518518,0.14266666666666664,0.13762962967157363,0.7040816326530611,-1.2746919669582157,[0.14266667],-1.2272368935196833,-1.1956414404079656,-1.1776674601089958,8.440169263124988,8.93237578592761,4.666666666666667
6,0.1394074074074074,0.12666666666666665,0.15214815015594166,0.7448979591836734,-1.2600442984038458,[0.12666667],-1.2275925678357045,-1.194785391613698,-1.1854395025511257,7.006315353431743,7.642962480159337,5.6
7,0.12281481481481485,0.11066666666666668,0.16296296566724777,0.7857142857142859,-1.264859136672784,[0.11066667],-1.2191779026044591,-1.1871365799638633,-1.1634262060558136,5.747868212440588,6.489404402512011,6.533333333333333
8,0.1045925925925926,0.10266666666666667,0.1749629666407903,0.8265306122448982,-1.2722288114720997,[0.10266667],-1.2019414103271493,-1.1731788160314247,-1.1370411635859488,4.665857639207952,5.462025395018993,7.466666666666667
9,0.08977777777777776,0.08933333333333332,0.1909629633029302,0.8673469387755102,-1.2499390166484707,[0.08933333],-1.1767577155648314,-1.1546289999047348,-1.1087695345167823,3.7427910857918625,4.526487409558731,8.4
10,0.0765925925925926,0.07600000000000001,0.20103703637917836,0.9081632653061221,-1.207919888693545,[0.076],-1.143937560219129,-1.1288694726181852,-1.071425156392777,2.972453758871288,3.7351436571528467,9.333333333333334
11,0.06192592592592593,0.06266666666666668,0.21111111293236415,0.9489795918367343,-1.160249993226957,[0.06266667],-1.1047730625686885,-1.097743620970245,-1.0251210226266227,2.329003285872216,3.05112640410601,10.266666666666667
12,0.05051851851851852,0.05466666666666667,0.22503703484932583,0.9897959183673471,-1.1108900811343014,[0.05466667],-1.0591611270554957,-1.0599912205162212,-0.9873012206492664,1.8145015701851839,2.499640125309961,11.2
13,0.03703703703703704,0.04666666666666666,0.23303703467051187,1.030612244897959,-1.0599261529628223,[0.04666667],-1.0069730850899947,-1.017484600030599,-0.9241950551400318,1.4315219719171257,2.0432382393712474,12.133333333333333
14,0.030074074074074073,0.036000000000000004,0.2440000002582868,1.0714285714285714,-1.0065368354200899,[0.036],-0.9503629403696425,-0.9711567744664577,-0.8504748009130585,1.1369844204330168,1.663260439510282,13.066666666666666
15,0.024,0.029333333333333333,0.25348148196935655,1.1122448979591832,-0.9504985181308214,[0.02933333],-0.8902767427203778,-0.9203049335466031,-0.7608325188353584,0.9119679313205052,1.3737629545100265,14.0
16,0.020444444444444442,0.02666666666666667,0.26266666650772097,1.1530612244897962,-0.893175554578405,[0.02666667],-0.82838523111232,-0.8669568385804303,-0.6841027861076996,0.7230577387043036,1.1341905711214253,14.933333333333334
17,0.015555555555555553,0.020000000000000004,0.2731851855913798,1.193877551020408,-0.8345831385123318,[0.02],-0.7764379350671242,-0.8227792341538033,-0.6224518640374381,0.570576658883316,0.9350639584117894,15.866666666666667
18,0.013037037037037036,0.014666666666666666,0.281185182929039,1.2346938775510203,-0.7864695155754103,[0.01466667],-0.7263667373395375,-0.7784991262351799,-0.548262327804839,0.450860385325081,0.7845615832551704,16.8
19,0.00962962962962963,0.012000000000000002,0.2893333360552788,1.2755102040816326,-0.7720691714712881,[0.012],-0.6856223260295002,-0.7421821575768982,-0.5206180653539815,0.35731221222282156,0.6706192413102156,17.733333333333334
20,0.006518518518518519,0.009333333333333334,0.2976296290755272,1.3163265306122445,-0.7701591994759818,[0.00933333],-0.6550090732506149,-0.71425462405136,-0.5094964492308547,0.28374493697348085,0.5723687703552099,18.666666666666668
21,0.004888888888888889,0.008,0.3048888901869456,1.3571428571428574,-0.7338820398798693,[0.008],-0.6300201264574008,-0.690099582059226,-0.49837483374207064,0.23115082186786232,0.49675663470598586,19.6
22,0.004,0.008,0.3134814813733101,1.3979591836734688,-0.721884981630454,[0.008],-0.6036679089067913,-0.664399959812586,-0.45653340019699484,0.18759638705002765,0.42449208883916634,20.533333333333335
23,0.0034074074074074076,0.008,0.32000000178813937,1.4387755102040816,-0.6737813891375288,[0.008],-0.5767791164216555,-0.6387003361407645,-0.4097553194027155,0.1534848527729684,0.3522275200602796,21.466666666666665
24,0.0026666666666666666,0.006666666666666667,0.32637036591768265,1.479591836734694,-0.6596889628654145,[0.00666667],-0.5530385072555949,-0.6155174813055251,-0.3629772400045256,0.12296749103468199,0.28115226884843275,22.4
25,0.002074074074074074,0.005333333333333333,0.3334814856449763,1.520408163265306,-0.6380052791535913,[0.00533333],-0.5281128491207634,-0.5908558045667557,-0.3389451219854676,0.1005693006061362,0.21370420295180725,23.333333333333332
26,0.0014814814814814816,0.0026666666666666666,0.3394074102242788,1.5612244897959184,-0.5939877362523885,[0.00266667],-0.5067562894564774,-0.5691954347273468,-0.32230823202826414,0.08337093170298468,0.16929087095616768,24.266666666666666
27,0.001037037037037037,0.0026666666666666666,0.3477037032445272,1.60204081632653,-0.5931176272301579,[0.00266667],-0.4890431420812124,-0.5507892168930483,-0.3056713437864459,0.06836250905007726,0.1395385418861226,25.2
28,0.0007407407407407408,0.0013333333333333333,0.35496296485265094,1.6428571428571426,-0.5886186323671206,[0.00133333],-0.4730389633116801,-0.533908447866494,-0.28903445080067613,0.058228294249961156,0.11620142921900979,26.133333333333333
29,0.0002962962962962963,0.0013333333333333333,0.36311111052831013,1.6836734693877558,-0.5682194556248106,[0.00133333],-0.45511244181727484,-0.5141171092297244,-0.2723975630199389,0.0527050471359349,0.10550533714705262,27.066666666666666
30,0.00014814814814814815,0.0013333333333333333,0.3699259301026662,1.724489795918367,-0.5586600257470444,[0.00133333],-0.43692078717107247,-0.49387700612305985,-0.2557606747491735,0.05084793688927902,0.09480924499742302,28.0
31,0.0,0.0013333333333333333,0.3767407437165578,1.7653061224489794,-0.5530442162285446,[0.00133333],-0.4182568282416113,-0.47335551417411814,-0.23912378720425165,0.050000004027142636,0.08411315301532937,28.933333333333334
32,0.0,0.0013333333333333333,0.38399999737739565,1.8061224489795924,-0.5483020111776191,[0.00133333],-0.39899358401347595,-0.45209369046603454,-0.22247559106529913,0.050000006057893134,0.07341706270604743,29.866666666666667
33,0.0,0.0013333333333333333,0.39051851828893025,1.8469387755102036,-0.5435602638000292,[0.00133333],-0.381773807218768,-0.4327655531716351,-0.20579616204397028,0.05000000000000001,0.06272094575982462,30.8
34,0.0,0.0013333333333333333,0.3971851855516434,1.8877551020408168,-0.53775003183169,[0.00133333],-0.36613663947341324,-0.41499322529031885,-0.18911672569409715,0.05000000000000001,0.05202485834193376,31.733333333333334
35,0.0,0.0,0.4037037044763565,1.928571428571428,-0.5158905996886789,[0.],-0.3510713625337586,-0.3972166898865517,-0.17138578432486512,0.05000000000000001,0.05000000000000001,32.666666666666664
36,0.0,0.0,0.4097777803738912,1.9693877551020407,-0.4929728984610966,[0.],-0.33626057567720274,-0.38010866337634863,-0.1523603834652309,0.05000000000000001,0.05000000000000001,33.6
37,0.0,0.0,0.41540740331014,2.0102040816326534,-0.46818107875575143,[0.],-0.3222183311600511,-0.36412620589852335,-0.13333497341156697,0.05000000000000001,0.05000000000000001,34.53333333333333
38,0.0,0.0,0.42237036923567456,2.051020408163265,-0.44238263628407143,[0.],-0.3077074226469328,-0.34738260968700824,-0.11276444664858752,0.05000000000000001,0.05000000000000001,35.46666666666667
39,0.0,0.0,0.4290370404720306,2.0918367346938775,-0.4159074318791713,[0.],-0.2930427648906639,-0.3300629769384573,-0.09520157498077204,0.05000000000000001,0.05000000000000001,36.4
40,0.0,0.0,0.43540741403897604,2.132653061224489,-0.38771794927902586,[0.],-0.27901935051152776,-0.3134570247215176,-0.08616575626992007,0.05000000000000001,0.05000000000000001,37.333333333333336
41,0.0,0.0,0.4385185201962789,2.1734693877551012,-0.3581434021215795,[0.],-0.2647321130304449,-0.2967538936024329,-0.07712994015873859,0.05000000000000001,0.05000000000000001,38.266666666666666
42,0.0,0.0,0.44370370407899223,2.214285714285715,-0.32738875648585836,[0.],-0.25025536672099136,-0.2799797483472025,-0.0680941296298727,0.05000000000000001,0.05000000000000001,39.2
43,0.0,0.0,0.44888889392217,2.255102040816326,-0.2956163849085972,[0.],-0.2352484975719293,-0.2626232635655257,-0.057964801412456135,0.05000000000000001,0.05000000000000001,40.13333333333333
44,0.0,0.0,0.4539259284734726,2.295918367346938,-0.2632375284273683,[0.],-0.21995790855949,-0.2448651265045892,-0.04692156453799036,0.05000000000000001,0.05000000000000001,41.06666666666667
45,0.0,0.0,0.4589629679918289,2.3367346938775517,-0.2298412719543306,[0.],-0.2046105067741748,-0.22684573051090184,-0.03471706969290717,0.05000000000000001,0.05000000000000001,42.0
46,0.0,0.0,0.46444444358348846,2.377551020408163,-0.19492833830251147,[0.],-0.18950487299913057,-0.2088740469567378,-0.021953325915963204,0.05000000000000001,0.05000000000000001,42.93333333333333
47,0.0,0.0,0.4690370361010234,2.4183673469387754,-0.16436811880235427,[0.],-0.1741043348104273,-0.19088305046446633,-0.009189557339119523,0.05000000000000001,0.05000000000000001,43.86666666666667
48,0.0,0.0,0.47362963259220126,2.4591836734693877,-0.1375282152061381,[0.],-0.15952347514698556,-0.17405367303687508,-1.5032512645124065e-05,0.05000000000000001,0.05000000000000001,44.8
49,0.0,0.0,0.4794074048598607,2.5,-0.11058890510892824,[0.],-0.14799063663813714,-0.16030749662229765,1.7958551156100654e-09,0.05000000000000001,0.05000000000000001,45.733333333333334
