,Avg_prob_test,Avg_prob_train,Coverage_test,Eps,Lower_test,Probability_violations_train,Test_val,Train_val,Upper_test,Violations_test,Violations_train,index
0,0.3411111111111111,0.34199999999999997,0.15733333230018615,0.5,-0.17224561533138183,[0.342],-0.20682531522212488,0.05913869219755121,-0.04788779005879956,33.187052910015026,35.74918258003213,0.0
1,0.3053333333333333,0.29399999999999993,0.18466666862368583,0.5408163265306122,-0.31402977066770776,[0.294],-0.34776341389198107,-0.0939870750773252,-0.20161045399754482,28.898215161470677,31.301245743121854,0.9
2,0.2733333333333333,0.27,0.21377778053283691,0.5816326530612245,-0.3953284619238181,[0.27],-0.44731585817061353,-0.20586350617222343,-0.2936352802330973,25.1167309382263,27.447729854179137,1.8
3,0.24755555555555553,0.23399999999999999,0.24133333414793015,0.6224489795918366,-0.5049779522187093,[0.234],-0.5282319492190442,-0.29331614870340345,-0.3777720699223846,21.728232743458584,24.11754752001365,2.7
4,0.22400000000000003,0.22400000000000003,0.2737777799367905,0.663265306122449,-0.5962064484424898,[0.224],-0.5948150037629082,-0.3651884767265897,-0.47662542995180457,18.633121005335973,21.071762490142028,3.6
5,0.19555555555555557,0.19399999999999998,0.30444444715976715,0.7040816326530611,-0.6668116876773014,[0.194],-0.6439017402453577,-0.4232136502237439,-0.5628650664086041,15.888833990139409,18.295253919778357,4.5
6,0.17088888888888892,0.16799999999999998,0.3457777753472328,0.7448979591836736,-0.7233198860961352,[0.168],-0.6755449009891651,-0.46669019792042654,-0.6346356466158404,13.51257172456656,15.81510770399538,5.4
7,0.1497777777777778,0.14800000000000002,0.3762222155928612,0.7857142857142857,-0.7519275968911345,[0.148],-0.6939703867282566,-0.4906858619308549,-0.6939568073128938,11.408587356001888,13.718374480643732,6.3
8,0.13133333333333333,0.128,0.41377778351306915,0.8265306122448981,-0.7629776379026174,[0.128],-0.697383581098974,-0.49894906924628,-0.7133793775348699,9.574654214095276,11.86090578627913,7.2
9,0.11066666666666666,0.11600000000000002,0.45044444799423217,0.8673469387755102,-0.7922293237796598,[0.116],-0.6871060148377373,-0.49450603308722163,-0.6813856483411252,7.98883883236105,10.205993851541074,8.1
10,0.09444444444444444,0.10200000000000001,0.48422222435474394,0.9081632653061222,-0.8131026215464381,[0.102],-0.66561985376872,-0.48222803636655315,-0.6369686784379005,6.640302642210884,8.707694450887185,9.0
11,0.07955555555555556,0.088,0.5166666656732559,0.9489795918367345,-0.8127314930776386,[0.088],-0.634418910594569,-0.4610852551961053,-0.5897603338002646,5.492627600040468,7.405832253008008,9.9
12,0.06599999999999999,0.07600000000000001,0.5488888919353485,0.9897959183673469,-0.8083222204857898,[0.076],-0.5944015424488154,-0.4365518404354609,-0.5381901174119652,4.527232844488469,6.194443417490106,10.8
13,0.05688888888888889,0.062,0.578888887166977,1.030612244897959,-0.8023614380421403,[0.062],-0.5510708170985288,-0.3997315459431753,-0.48258955326623115,3.7133540232870046,5.226159587357732,11.7
14,0.048888888888888885,0.055999999999999994,0.6095555454492569,1.0714285714285714,-0.7977656034167719,[0.056],-0.5071819375266929,-0.36088782904999755,-0.42240323114102046,3.001137065332615,4.376632739557188,12.6
15,0.03666666666666667,0.048,0.6346666634082794,1.1122448979591832,-0.7932022211488831,[0.048],-0.45931327188342685,-0.31971947731765227,-0.3614181405858759,2.4321528066986398,3.6114706539659727,13.5
16,0.03266666666666666,0.044,0.6582222253084182,1.153061224489796,-0.7792554069495482,[0.044],-0.41827932813371527,-0.2827616362013631,-0.3181089578268621,1.961213660420492,2.9238705167126002,14.4
17,0.02911111111111111,0.036000000000000004,0.6780000001192092,1.1938775510204083,-0.7590059904388369,[0.036],-0.37602597545046257,-0.24205132970285548,-0.27626972419941764,1.5440110928094384,2.3326195608500866,15.3
18,0.025555555555555554,0.03400000000000001,0.6984444379806518,1.2346938775510203,-0.6982936396808471,[0.034],-0.3319463751217479,-0.1995626480481729,-0.23179651368312276,1.1827935835863548,1.821277711534816,16.2
19,0.019999999999999997,0.026000000000000002,0.7184444487094879,1.2755102040816324,-0.6738445904209875,[0.026],-0.2973510684574677,-0.16666047919245905,-0.1831058066491682,0.8863859487697032,1.385722878324076,17.1
20,0.015555555555555555,0.024,0.7322222173213959,1.3163265306122447,-0.6645198207062974,[0.024],-0.2690997490438687,-0.14102278528757234,-0.12897847927279582,0.671316003534183,1.0193025902779698,18.0
21,0.012444444444444445,0.015999999999999997,0.7508888900279999,1.3571428571428574,-0.6593572356154791,[0.016],-0.2409249580827589,-0.11390423358031505,-0.06950437117123859,0.502206523207342,0.7650749913789252,18.9
22,0.008888888888888889,0.014000000000000002,0.7671111166477204,1.3979591836734693,-0.6522129889649715,[0.014],-0.2135506086702823,-0.08931646984451708,-0.0036467079454262,0.3798685325079771,0.5716147586660643,19.8
23,0.0071111111111111115,0.01,0.7813333332538605,1.4387755102040816,-0.6422779237481773,[0.01],-0.1849352828360595,-0.06432081971560995,0.06829848050633555,0.2911611548027684,0.40245142497967856,20.7
24,0.005333333333333333,0.008,0.7957777798175811,1.4795918367346936,-0.6319476036912737,[0.008],-0.15769837513752263,-0.044350945266335984,0.14539242384561754,0.22137383429147417,0.27385117610574594,21.6
25,0.004888888888888889,0.006,0.8053333282470703,1.5204081632653064,-0.6208830412795681,[0.006],-0.1287775568501807,-0.02380244503905963,0.22745320271162087,0.16712045883421034,0.20694669303055221,22.5
26,0.003333333333333333,0.004,0.8173333287239075,1.5612244897959184,-0.6098184768987496,[0.004],-0.09839523658615186,-0.003267319485703657,0.3133236546176072,0.12360654223417433,0.1642101232224303,23.4
27,0.0024444444444444444,0.004,0.8279999971389771,1.6020408163265305,-0.5987539178556189,[0.004],-0.06663684043584263,0.017254974299432114,0.40239497689501635,0.09741974503103887,0.1223525308178163,24.3
28,0.0013333333333333333,0.004,0.8384444534778595,1.6428571428571428,-0.5874291988543411,[0.004],-0.033896929111857,0.0388134713662461,0.4946768144611004,0.08046328089682575,0.08049493846279196,25.2
29,0.0011111111111111111,0.0,0.8482222199440003,1.6836734693877555,-0.5760073389972895,[0.],-0.00037323497983575703,0.0608945879898809,0.5888282254826813,0.06855089114695746,0.049999999999999996,26.1
30,0.0006666666666666666,0.0,0.8559999942779541,1.7244897959183674,-0.5642330970039608,[0.],0.03459348672326473,0.08530417893143763,0.6867700968590994,0.059735732109793174,0.049999999999999996,27.0
31,0.00044444444444444447,0.0,0.8626666724681854,1.7653061224489792,-0.5524588501471391,[0.],0.07138584645806406,0.11148797429399786,0.7899492481544772,0.05565229763903858,0.049999999999999996,27.9
32,0.00044444444444444447,0.0,0.8691111087799073,1.806122448979592,-0.5404712133623405,[0.],0.10920226845322371,0.13831147563578644,0.8964588155080289,0.05265075086347927,0.049999999999999996,28.8
33,0.00022222222222222223,0.0,0.877777773141861,1.8469387755102038,-0.5282819892104982,[0.],0.14772652094284572,0.16568376051096928,1.0061150205110352,0.05075460906644963,0.049999999999999996,29.7
34,0.0,0.0,0.8844444513320923,1.8877551020408165,-0.5157980540224716,[0.],0.18721759288601358,0.19303454980509788,1.1189317234119989,0.049999999999999996,0.049999999999999996,30.6
35,0.0,0.0,0.887333333492279,1.9285714285714284,-0.5033141230357135,[0.],0.2264569866445271,0.22120379988557848,1.2258115612157008,0.049999999999999996,0.049999999999999996,31.5
36,0.0,0.0,0.8906666755676269,1.9693877551020407,-0.49083019209824613,[0.],0.2608687505953308,0.24939056748856786,1.3084632148317787,0.049999999999999996,0.049999999999999996,32.4
37,0.0,0.0,0.895333343744278,2.0102040816326534,-0.47723745502333365,[0.],0.28974119002788606,0.2770817544279107,1.3801578056224475,0.049999999999999996,0.049999999999999996,33.3
38,0.0,0.0,0.8973333477973938,2.051020408163265,-0.4630148903081378,[0.],0.319094027602873,0.30496295585902394,1.452452498843964,0.049999999999999996,0.049999999999999996,34.2
39,0.0,0.0,0.901333338022232,2.0918367346938775,-0.4487923256348837,[0.],0.3488398166326572,0.3338103055618181,1.5257177938732671,0.049999999999999996,0.049999999999999996,35.1
40,0.0,0.0,0.9048888802528381,2.1326530612244894,-0.4343072768226358,[0.],0.3773181042450916,0.3631165379871294,1.6009814865559335,0.049999999999999996,0.049999999999999996,36.0
41,0.0,0.0,0.9095555543899536,2.1734693877551017,-0.4174746127159157,[0.],0.4057688824587645,0.3925485311713097,1.678017391231161,0.049999999999999996,0.049999999999999996,36.9
42,0.0,0.0,0.9124444484710693,2.214285714285715,-0.4006122278904032,[0.],0.43486172084333663,0.4227175849639127,1.7565925792508161,0.049999999999999996,0.049999999999999996,37.8
43,0.0,0.0,0.9155555486679077,2.255102040816326,-0.3836069707734249,[0.],0.4644068602918948,0.45433546377928674,1.8357349394914149,0.049999999999999996,0.049999999999999996,38.7
44,0.0,0.0,0.9193333327770233,2.2959183673469385,-0.3659811898316837,[0.],0.49456767482146624,0.4864515167081609,1.916611677759863,0.049999999999999996,0.049999999999999996,39.6
45,0.0,0.0,0.9215555548667907,2.3367346938775513,-0.34774217469836355,[0.],0.5250919429925516,0.519158108364379,1.9987723893501603,0.049999999999999996,0.049999999999999996,40.5
46,0.0,0.0,0.9235555589199066,2.377551020408163,-0.32927961486622837,[0.],0.5560630367005253,0.553587820895683,2.0815406964684344,0.049999999999999996,0.049999999999999996,41.4
47,0.0,0.0,0.9259999930858612,2.418367346938776,-0.3107534449022602,[0.],0.5874712551548911,0.5887417830615312,2.164691838915838,0.049999999999999996,0.049999999999999996,42.3
48,0.0,0.0,0.9284444332122803,2.4591836734693873,-0.29210003133575635,[0.],0.6191891479622003,0.6239122608047869,2.24812587456441,0.049999999999999996,0.049999999999999996,43.2
49,0.0,0.0,0.9302222192287445,2.5,-0.2734465948803524,[0.],0.6486168130061282,0.6570981334138184,2.3271517243776123,0.049999999999999996,0.049999999999999996,44.1
