,Avg_prob_test,Avg_prob_train,Coverage_test,Eps,Lower_test,Probability_violations_train,Test_val,Train_val,Upper_test,Violations_test,Violations_train,index
0,0.4604444444444444,0.42800000000000005,0.12444444447755813,0.5,-0.2440528032797273,[0.428],-0.022472640370262857,0.020801968123251635,0.16416953994690708,48.95033743095073,49.06131515902167,0.0
1,0.39111111111111113,0.36,0.17422222197055817,0.5833333333333334,-0.564411223075004,[0.36],-0.37697796404993256,-0.3369081615020105,-0.19933008331342128,37.59051876191651,38.055437709869196,0.8
2,0.3151111111111111,0.32,0.2324444442987442,0.6666666666666666,-0.7645728572651291,[0.32],-0.6313499369891324,-0.6021087571810353,-0.4804479726374531,28.23336703959837,28.899750888733024,1.6
3,0.25377777777777777,0.21999999999999997,0.2964444398880005,0.75,-0.859304664255844,[0.22],-0.7835692471371324,-0.7646806062196894,-0.6681003066159427,20.91926863805856,21.796639072978486,2.4
4,0.2031111111111111,0.176,0.3586666643619537,0.8333333333333333,-0.9818406219884016,[0.176],-0.8576074259597707,-0.8233449600475395,-0.7573363820862574,15.168792835818731,16.77167713333005,3.2
5,0.1528888888888889,0.11599999999999999,0.428000009059906,0.9166666666666666,-1.0361820652339706,[0.116],-0.8622621956340584,-0.8256587113505123,-0.7111704733805214,10.805985150860952,12.873727176694661,4.0
6,0.11333333333333333,0.08399999999999999,0.4911111116409302,1.0,-1.0188882422929062,[0.084],-0.8210344086037296,-0.7806373490184099,-0.6280141172152197,7.6282461856888775,10.218994313469226,4.8
7,0.08533333333333333,0.07200000000000001,0.5497777700424195,1.0833333333333333,-0.9466687412467759,[0.072],-0.7685176332881436,-0.7218322440851771,-0.589370020186377,5.267402613334232,8.02066164790704,5.6
8,0.06133333333333333,0.068,0.598666661977768,1.1666666666666665,-0.8355554059897653,[0.068],-0.69168094117173,-0.6478643357888652,-0.5440542287567897,3.5515663145530127,6.08210657912502,6.4
9,0.043555555555555556,0.06,0.6448888778686523,1.25,-0.6934625125058586,[0.06],-0.5953589279736884,-0.5612649034148418,-0.4885940658108858,2.2859288563197238,4.347956382445771,7.2
10,0.03066666666666667,0.048,0.6844444632530212,1.3333333333333333,-0.5892799368887394,[0.048],-0.5164896690019107,-0.49946752724609655,-0.42140234065066867,1.4670809313970166,2.7764265329655364,8.0
11,0.018222222222222223,0.036,0.7248888731002807,1.4166666666666665,-0.5719934044206767,[0.036],-0.4609384326614439,-0.4567496647933854,-0.33864681899193905,0.9543459070576708,1.7608346267354975,8.8
12,0.012888888888888889,0.024,0.7542222261428833,1.5,-0.5503377248335799,[0.024],-0.4124342878680582,-0.41670178745481773,-0.24122210862750218,0.6391414889166214,0.9855237477443641,9.6
13,0.008,0.016,0.7831111073493957,1.5833333333333333,-0.5240815010265181,[0.016],-0.3554234256794551,-0.36866485890417217,-0.12840058974577312,0.4172377117641159,0.5711876086663544,10.4
14,0.0057777777777777775,0.016,0.8075555682182312,1.6666666666666665,-0.5082728709852365,[0.016],-0.29094328879882114,-0.3139873643008756,-0.003152922294131992,0.28863786242004513,0.17755899040101566,11.2
15,0.0044444444444444444,0.004,0.8271111130714417,1.75,-0.49597032989635,[0.004],-0.22116536166818337,-0.25653029866197385,0.1311856236158827,0.18983698668615057,0.06804588640481206,12.0
16,0.0022222222222222222,0.0,0.8466666579246521,1.8333333333333333,-0.482825009577471,[0.],-0.14724994455009516,-0.19827731015355732,0.2728225744738357,0.12145028576290447,0.05,12.8
17,0.0017777777777777779,0.0,0.8613333225250244,1.9166666666666665,-0.4696528455635192,[0.],-0.06929792730846705,-0.13736502316191762,0.4217741597154552,0.07932210279490412,0.05,13.6
18,0.00044444444444444447,0.0,0.8715555667877197,2.0,-0.4564269011182837,[0.],0.013653866465146347,-0.07009311848474235,0.5783922886003909,0.05842307895961463,0.05,14.4
19,0.0,0.0,0.8777777910232544,2.083333333333333,-0.44196922924067455,[0.],0.10065357308430764,0.007043592024180523,0.7408225248420428,0.05,0.05,15.2
20,0.0,0.0,0.8893333315849304,2.1666666666666665,-0.4255513117157094,[0.],0.19263587104221153,0.09512398524273163,0.9093626561660771,0.05,0.05,16.0
21,0.0,0.0,0.8982222080230713,2.25,-0.4080902911458213,[0.],0.2887752828628895,0.19344708478371855,1.0846818609738484,0.05,0.05,16.8
22,0.0,0.0,0.9031111121177673,2.333333333333333,-0.38981687400433723,[0.],0.38107291786404673,0.28693886553844444,1.2501282551536523,0.05,0.05,17.6
23,0.0,0.0,0.9079999923706055,2.4166666666666665,-0.37165539359698857,[0.],0.4741481680513521,0.3788475992700334,1.4156880661094844,0.05,0.05,18.4
24,0.0,0.0,0.9133333206176758,2.5,-0.35214984841376046,[0.],0.5718988546438954,0.4744124875014707,1.5906407200926627,0.05,0.05,19.2
