,Avg_prob_test,Avg_prob_train,Coverage_test,Eps,Lower_test,Probability_violations_train,Test_val,Train_val,Upper_test,Violations_test,Violations_train,index
0,0.26133333333333336,0.22399999999999998,0.07022222056984902,0.5,-1.0257374327635003,[0.224],-0.9280246398384,-0.85400269745434,-0.784469541972267,18.89630263053712,19.629176896980347,0.0
1,0.21155555555555555,0.192,0.09111111164093018,0.5833333333333334,-1.0958126204475034,[0.192],-1.0191897843455968,-0.9390843011925905,-0.894689076886285,14.172017585568085,15.177281820302039,0.8
2,0.17466666666666666,0.15599999999999997,0.11333333402872085,0.6666666666666666,-1.142878093227515,[0.156],-1.0667545752547603,-0.9932282450667389,-0.9508752117290706,10.31973956684168,11.34413989785073,1.6
3,0.1368888888888889,0.11599999999999999,0.13777778148651124,0.75,-1.1614722670873603,[0.116],-1.0766928164766123,-0.9991966469696827,-0.9682323573860909,7.219992535412234,8.474508806588421,2.4
4,0.10044444444444445,0.088,0.15511111319065093,0.8333333333333333,-1.1416489304329016,[0.088],-1.051865819518263,-0.9765595248644121,-0.9563287130853106,4.815550308303525,6.176988244767895,3.2
5,0.07066666666666667,0.064,0.1760000005364418,0.9166666666666666,-1.0830309124712225,[0.064],-0.9931593853382049,-0.9296135001735492,-0.914418765183149,3.0886968145381397,4.365645721367118,4.0
6,0.04755555555555556,0.044,0.19377777874469757,1.0,-1.003536219683549,[0.044],-0.9073664331017854,-0.8570907874711882,-0.8333255698263425,1.9035736697659729,3.0658369463004567,4.8
7,0.03111111111111111,0.032,0.21111111342906952,1.0833333333333333,-0.9157547044567028,[0.032],-0.8019362238476111,-0.7643906793450497,-0.7077975470619855,1.1111957298541095,2.1695761494747554,5.6
8,0.019555555555555555,0.02,0.22844444662332536,1.1666666666666665,-0.8189865539203506,[0.02],-0.6806864915468347,-0.6600246511508541,-0.5598777238796652,0.6352082121277846,1.5066337178028266,6.4
9,0.010666666666666668,0.016,0.24533332735300065,1.25,-0.7146503080250162,[0.016],-0.553007916137976,-0.546369451115815,-0.40642428768914446,0.34999219786483576,1.0777217972584987,7.2
10,0.005333333333333334,0.012,0.26222222596406936,1.3333333333333333,-0.631268445272268,[0.012],-0.44242422464098646,-0.44902383460383993,-0.26806997295217905,0.20781646572215765,0.696909816627963,8.0
11,0.0035555555555555557,0.008,0.27733333557844164,1.4166666666666665,-0.5677688642491835,[0.008],-0.3636945023767557,-0.3744088551642991,-0.16104215107286318,0.10957268420125732,0.4557119531336699,8.8
12,0.0013333333333333333,0.004,0.2946666717529297,1.5,-0.5044200366691647,[0.004],-0.2862158950154853,-0.297397423846964,-0.05589552566554539,0.05868612977667972,0.2907774781037577,9.6
13,0.0,0.004,0.30622221529483795,1.5833333333333333,-0.4767974388890981,[0.004],-0.2505656650982683,-0.2628102669526916,-0.013764156758400812,0.05,0.20878293782963936,10.4
14,0.0,0.004,0.3199999928474426,1.6666666666666665,-0.45935674309466273,[0.004],-0.22540119389624289,-0.2384447359259593,2.43654039775718e-10,0.05,0.12678844485022908,11.2
15,0.0,0.0,0.3368888944387436,1.75,-0.44110122264328966,[0.],-0.2068471904935505,-0.21931999244908598,4.170065347978745e-09,0.05,0.05,12.0
16,0.0,0.0,0.3493333339691162,1.8333333333333333,-0.4221034984494265,[0.],-0.1880454333239751,-0.2001941845093019,6.286707952431422e-09,0.05,0.05,12.8
17,0.0,0.0,0.3613333433866501,1.9166666666666665,-0.4025076898154833,[0.],-0.16903157977190608,-0.18043531862957837,8.085546295712461e-09,0.05,0.05,13.6
18,0.0,0.0,0.3764444440603256,2.0,-0.38240036338491057,[0.],-0.14934658560760944,-0.15734366955020157,6.555181928500987e-09,0.05,0.05,14.4
19,0.0,0.0,0.38933332860469816,2.083333333333333,-0.3592263969064889,[0.],-0.13483836939692068,-0.14060131317332325,5.3756803604066785e-09,0.05,0.05,15.2
20,0.0,0.0,0.40488888025283815,2.1666666666666665,-0.3275647979057164,[0.],-0.12186687926231188,-0.12635798287795105,6.629365558113157e-09,0.05,0.05,16.0
21,0.0,0.0,0.4182222217321396,2.25,-0.2936138667021671,[0.],-0.10809171903303046,-0.11205265176589,7.242117578211258e-09,0.05,0.05,16.8
22,0.0,0.0,0.43199999034404757,2.333333333333333,-0.25252657053481053,[0.],-0.09136607445105352,-0.09541158276411751,7.739139702878632e-09,0.05,0.05,17.6
23,0.0,0.0,0.44177777171134947,2.4166666666666665,-0.21362287991867163,[0.],-0.07591436876858201,-0.08059352171888785,6.113999505922519e-09,0.05,0.05,18.4
24,0.0,0.0,0.45155555605888364,2.5,-0.17889823478428662,[0.],-0.06264072957160419,-0.06912354649972371,4.857017735323498e-09,0.05,0.05,19.2
