,Avg_prob_test,Avg_prob_train,Coverage_test,Eps,Lower_test,Probability_violations_train,Test_val,Train_val,Upper_test,Violations_test,Violations_train,index
0,0.5831111111111111,0.5300000000000001,0.03333333311602473,0.5,2.040838832444179,[0.53],2.2161008586650714,1.8970605513399104,4.375276528030838,108.90649041982718,100.70580869330976,0.0
1,0.5478888888888889,0.492,0.04466666663065553,0.5408163265306121,1.5162693748648204,[0.492],1.5588404229294262,1.2932728180623616,3.2290427377200204,92.21116752314177,85.24297767325541,0.95
2,0.51,0.45400000000000007,0.06144444406963885,0.5816326530612242,1.0219790502935535,[0.454],0.9688866272680574,0.7656420704353203,2.1999813754880773,76.86197740502914,71.30328633301015,1.9
3,0.4688888888888888,0.4029999999999999,0.08266666606068611,0.6224489795918369,0.5449443014738837,[0.403],0.45182614440480745,0.31692645922008933,1.3781029928022164,62.9608410643351,58.93172223880903,2.85
4,0.4247777777777778,0.352,0.10500000054016709,0.663265306122449,0.12344022442489115,[0.352],0.006186226122087931,-0.05363343795450688,0.7468380029008534,50.417258986107484,48.099162577010794,3.8
5,0.3728888888888889,0.31700000000000006,0.13400000198744239,0.7040816326530611,-0.25157765606874255,[0.317],-0.3652655628298123,-0.35762174963785875,0.1973433821212568,39.40707385982149,38.590747748023375,4.75
6,0.3187777777777777,0.28200000000000003,0.16755555681884288,0.7448979591836733,-0.5872540261571148,[0.282],-0.6585786792614188,-0.6151458497074103,-0.25996200660285484,30.007259917731567,29.99788249655831,5.7
7,0.2663333333333333,0.23900000000000002,0.20422222204506396,0.785714285714286,-0.8075453758280262,[0.239],-0.8723316069030119,-0.813298438404451,-0.48019225721092257,22.24516463642438,22.661920108389534,6.65
8,0.22055555555555556,0.203,0.2377777779009193,0.8265306122448981,-0.9956106449403151,[0.203],-1.0157989916111456,-0.9424797282272485,-0.7528839027397989,15.976057400418265,16.826463960511035,7.6
9,0.17677777777777776,0.16500000000000006,0.2725555583368987,0.8673469387755102,-1.1184264137788131,[0.165],-1.0991716975529984,-1.0282151055850128,-0.9247621656164132,10.978682182329607,11.941462360691844,8.55
10,0.1318888888888889,0.13300000000000003,0.30811110776849093,0.9081632653061222,-1.142431723170809,[0.133],-1.120787950629453,-1.0657989853052545,-1.0366232403385833,7.261361452753912,8.019490680252899,9.5
11,0.09644444444444444,0.101,0.34077777797356246,0.9489795918367345,-1.1097490048475498,[0.101],-1.088199842501616,-1.0541307427431352,-1.0165570971977176,4.652128225587894,5.12771289978895,10.45
12,0.06844444444444445,0.075,0.3688888889737427,0.9897959183673469,-1.0105405815366253,[0.075],-1.0141407470077217,-1.0032378100443375,-0.8999705327208904,2.8953562415789738,3.0812496794724913,11.4
13,0.044444444444444446,0.039,0.39844444375485183,1.030612244897959,-0.8980748937634557,[0.039],-0.9098114429188987,-0.9123694007368839,-0.7114027066987014,1.8303182164822398,1.8646858825619916,12.35
14,0.03055555555555555,0.026999999999999996,0.42399999815970657,1.0714285714285716,-0.7923884973766026,[0.027],-0.7996504730107848,-0.8121528813375208,-0.5367961309377711,1.183631760691433,1.115658511386466,13.3
15,0.020999999999999998,0.016999999999999998,0.44644444454461335,1.1122448979591832,-0.6684829831040167,[0.017],-0.6913430401752099,-0.7090431423475962,-0.3948020402179021,0.7621465323087205,0.6825016794692905,14.25
16,0.014666666666666666,0.011,0.4671111073810607,1.1530612244897962,-0.5586039937848801,[0.011],-0.6010608370960624,-0.6204787255237975,-0.3271192499959413,0.5038948521338561,0.44550255336655065,15.2
17,0.009777777777777778,0.008,0.4874444477725774,1.1938775510204078,-0.48552310768801016,[0.008],-0.5307006458670414,-0.5544980251076982,-0.28503071150096304,0.34095118574766137,0.27982470895220296,16.15
18,0.0071111111111111115,0.005,0.5045555545948446,1.2346938775510203,-0.44561560473784323,[0.005],-0.47802732143334986,-0.49943124824844015,-0.23788792622141253,0.23592635280292978,0.1611549735722296,17.1
19,0.005111111111111111,0.002,0.5186666709836573,1.2755102040816328,-0.37158070868464704,[0.002],-0.43753023734106733,-0.45103385540292223,-0.2424782588499916,0.1641221839711699,0.09972649898970322,18.05
20,0.0031111111111111114,0.001,0.536222230270505,1.3163265306122445,-0.32692123964342573,[0.001],-0.40128996081850216,-0.41323789286513046,-0.2036883383195245,0.1142018636002804,0.0691037907195078,19.0
21,0.001888888888888889,0.001,0.5496666694059968,1.3571428571428574,-0.26958927358691487,[0.001],-0.36455696407320193,-0.379588737784762,-0.1462977437231251,0.08951719046698188,0.05973587866830869,19.95
22,0.0013333333333333335,0.001,0.5644444414414466,1.3979591836734686,-0.2737564647899017,[0.001],-0.3329497467815406,-0.34881668893603934,-0.04668210730170886,0.07601808669209668,0.050367953736861426,20.9
23,0.001,0.0,0.5768888860009611,1.4387755102040816,-0.23854537116200908,[0.],-0.3015641587967296,-0.3206923566881927,-0.0721205421087283,0.06476532254770287,0.05000000840422873,21.85
24,0.0007777777777777778,0.0,0.5892222246155143,1.4795918367346943,-0.2018347796513002,[0.],-0.26926421129531736,-0.29525480467001736,-0.045923525188194245,0.05698248284588993,0.050000006892704306,22.8
25,0.00044444444444444447,0.0,0.6023333383724093,1.5204081632653057,-0.19914878966859892,[0.],-0.2294372862925637,-0.2673767045847685,0.0004626524498096425,0.054514506286109356,0.05000000585212396,23.75
26,0.00044444444444444447,0.0,0.6158888895064593,1.5612244897959184,-0.20597304789311954,[0.],-0.18631359571922218,-0.23945375021349408,0.014415418067164119,0.05399336353791282,0.05000000266233322,24.7
27,0.00044444444444444447,0.0,0.6265555564314127,1.6020408163265298,-0.14750982901865742,[0.],-0.1378376856740557,-0.2039937082175482,0.029947491042277508,0.05347511454899997,0.05000000264384703,25.65
28,0.00044444444444444447,0.0,0.6353333320468664,1.6428571428571428,-0.11863834817411824,[0.],-0.08512589358526212,-0.1606062105140525,0.11987856990156158,0.052959544570035155,0.05000000270342712,26.6
29,0.00044444444444444447,0.0,0.6454444408416748,1.6836734693877555,-0.12493194645494732,[0.],-0.027036468125825542,-0.10898799898646713,0.3146241704482759,0.052446476351679594,0.05000000175557436,27.55
30,0.00044444444444444447,0.0,0.6544444423168898,1.7244897959183667,-0.09931847539549146,[0.],0.03826649890954133,-0.055667204052624264,0.5294983912473012,0.05193576932175755,0.05000000185716559,28.5
31,0.0003333333333333333,0.0,0.6636666679754853,1.7653061224489792,-0.027222276091644786,[0.],0.11120089277517678,-0.0031919979206735728,0.6763560748611892,0.051554601933444,0.05000000190103989,29.45
32,0.00022222222222222223,0.0,0.6726666646078229,1.8061224489795926,-0.019277218614057578,[0.],0.18829636667093383,0.05121772786744162,0.7992818078803479,0.051270426455960895,0.05000000191842867,30.4
33,0.00022222222222222223,0.0,0.6823333380743861,1.8469387755102038,4.801817175492442e-08,[0.],0.272076886396783,0.10887272083138169,0.9325286838755336,0.051118429673963885,0.05000000064194747,31.35
34,0.00011111111111111112,0.0,0.6919999998062849,1.8877551020408163,6.309483201132954e-08,[0.],0.36328504263486877,0.17184475030150673,1.104816386514522,0.0510383463888426,0.05000000064479323,32.3
35,0.00011111111111111112,0.0,0.700777780637145,1.9285714285714284,0.006408032518144661,[0.],0.46284305120394864,0.2392907372579487,1.421674828657162,0.05098629469057973,0.050000001397511,33.25
36,0.00011111111111111112,0.0,0.7086666619405151,1.9693877551020407,0.07562629349898033,[0.],0.5690052996188927,0.3124179996448741,1.7576997305009008,0.05092999145687621,0.050000003142443926,34.2
37,0.00011111111111111112,0.0,0.7159999970346689,2.010204081632653,0.15747693405379112,[0.],0.6782322671083556,0.3916737087083139,2.114934499831222,0.050873163065157066,0.05000000009513682,35.15
38,0.00011111111111111112,0.0,0.7232222221791744,2.0510204081632653,0.24796744897089562,[0.],0.7871837058172237,0.47349151467108913,2.496118147216198,0.05081936450686758,0.050000000105338116,36.1
39,0.00011111111111111112,0.0,0.7293333310633898,2.0918367346938775,0.3467943185356359,[0.],0.9002959750018974,0.5616491177128133,2.885588497547037,0.050774377677449,0.05000000009657883,37.05
40,0.0,0.0,0.7342222236096859,2.132653061224489,0.4519670474681672,[0.],1.0155744640395503,0.6510740262480496,3.2862286790242896,0.05000000000000001,0.05000000000000001,38.0
41,0.0,0.0,0.7394444435834885,2.1734693877551026,0.5665562888962086,[0.],1.1368288696633655,0.7458099019965296,3.700659859780804,0.05000000000000001,0.05000000000000001,38.95
42,0.0,0.0,0.744444440305233,2.214285714285715,0.725880070437292,[0.],1.2633482135160066,0.8449883196051695,4.120474436428261,0.05000000000000001,0.05000000000000001,39.9
43,0.0,0.0,0.749111108109355,2.255102040816326,0.8625110737050363,[0.],1.3908418711803694,0.9425349034529941,4.545001668100414,0.05000000000000001,0.05000000000000001,40.85
44,0.0,0.0,0.7525555603206158,2.2959183673469377,0.9992206856152106,[0.],1.521219210941844,1.041685633496814,4.979125721048244,0.05000000000000001,0.05000000000000001,41.8
45,0.0,0.0,0.757444440573454,2.3367346938775517,1.1347102830936497,[0.],1.648641023695049,1.1384582594941932,5.424215478488195,0.05000000000000001,0.05000000000000001,42.75
46,0.0,0.0,0.7611111149191856,2.377551020408163,1.2485460115392812,[0.],1.773187601477855,1.229637374147697,5.883421047418939,0.05000000000000001,0.05000000000000001,43.7
47,0.0,0.0,0.7647777773439884,2.418367346938775,1.3229465018816362,[0.],1.8949442655937374,1.3208252330666963,6.3468524896589535,0.05000000000000001,0.05000000000000001,44.65
48,0.0,0.0,0.7681111134588718,2.459183673469388,1.386801434134751,[0.],2.0119687955970655,1.413156379759052,6.8150070633782125,0.05000000000000001,0.05000000000000001,45.6
49,0.0,0.0,0.77211110368371,2.5,1.4740723690194013,[0.],2.1265866906565294,1.5053449218153645,7.288926857486042,0.05000000000000001,0.05000000000000001,46.55
