,Avg_prob_test,Avg_prob_train,Coverage_test,Eps,Lower_test,Probability_violations_train,Test_val,Train_val,Upper_test,Violations_test,Violations_train,index
0,0.4096666666666667,0.3700000000000001,0.1621111124753952,0.5,-0.42072649679421925,[0.37],-0.5317501932693363,-0.5612527677793134,-0.17064031238642105,37.51637039352783,36.38573046183884,0.0
1,0.3731111111111111,0.34500000000000003,0.19066666886210443,0.5408163265306121,-0.5931878426578235,[0.345],-0.6682620079621469,-0.6849271826944084,-0.31427048460626916,32.47428817279098,31.875512858028145,0.95
2,0.33766666666666667,0.318,0.21955555602908133,0.5816326530612242,-0.7332426807864217,[0.318],-0.7721841453007646,-0.7852623087075624,-0.4454817445930383,27.952654358249475,27.693892762232405,1.9
3,0.30522222222222223,0.28800000000000003,0.2513333361595869,0.6224489795918369,-0.8386143373978712,[0.288],-0.8490597097788658,-0.8642640250439408,-0.5628705412906954,23.919376816042856,23.90358087774276,2.85
4,0.2724444444444445,0.264,0.2897777795791626,0.663265306122449,-0.9056709641126773,[0.264],-0.9010445885350042,-0.9211335702328716,-0.669583130714829,20.337744225081103,20.49393431946121,3.8
5,0.24,0.22400000000000003,0.3228888906538486,0.7040816326530611,-0.9704297888772562,[0.224],-0.9297904011506384,-0.9560514165441883,-0.7615075248381725,17.203137258203572,17.529932298816483,4.75
6,0.21066666666666664,0.19600000000000004,0.36122222393751147,0.7448979591836733,-1.0048714872517166,[0.196],-0.9383668790945666,-0.9702491606124577,-0.8481511257959256,14.507990031380213,15.031011689957197,5.7
7,0.185,0.17200000000000007,0.39666666761040686,0.785714285714286,-1.000384885031202,[0.172],-0.9304738846210956,-0.9705535275523849,-0.8798549817994235,12.18450026703368,12.8244881933167,6.65
8,0.16177777777777774,0.15000000000000005,0.4351111114025116,0.8265306122448981,-0.9766932100143019,[0.15],-0.9073965910232685,-0.9543416492836674,-0.8235759508504322,10.213162552046326,10.935085402590904,7.6
9,0.13722222222222222,0.12000000000000002,0.46644444167613985,0.8673469387755102,-1.0227138869295753,[0.12],-0.8787854518239804,-0.9274058995420271,-0.7617138362282682,8.518160306943951,9.374669261981724,8.55
10,0.1168888888888889,0.10400000000000002,0.5026666715741157,0.9081632653061222,-1.0322791153508104,[0.104],-0.8487612368207703,-0.8928216087884163,-0.7127579473425834,7.116686716065686,8.155445050491888,9.5
11,0.09955555555555556,0.08500000000000002,0.536777776479721,0.9489795918367345,-0.9883535842602096,[0.085],-0.8078994375048273,-0.8523513379609978,-0.6736295626656059,5.963716807789061,7.108271623740697,10.45
12,0.08522222222222223,0.07600000000000003,0.5664444461464881,0.9897959183673469,-0.9419056722606183,[0.076],-0.7586094548628244,-0.8040922288898529,-0.6253377647247624,4.9979739387523505,6.256594132176207,11.4
13,0.07288888888888889,0.06900000000000003,0.5949999943375588,1.030612244897959,-0.8665448059928097,[0.069],-0.7011112361253453,-0.7512631774373701,-0.5660366393371339,4.1908518767183995,5.497863987140323,12.35
14,0.06266666666666666,0.06400000000000003,0.6215555533766747,1.0714285714285716,-0.8199411743783279,[0.064],-0.6422508290650704,-0.6995777057253102,-0.4975963451539412,3.511113121707658,4.799401402553288,13.3
15,0.05377777777777778,0.05800000000000001,0.6461111143231392,1.1122448979591832,-0.7644605273561659,[0.058],-0.5820928591178153,-0.6460633528290703,-0.41655304050271896,2.9287126610826646,4.162692685261019,14.25
16,0.046333333333333324,0.05300000000000001,0.6686666682362556,1.1530612244897962,-0.758393746698417,[0.053],-0.5263184379402357,-0.5973741330518643,-0.3289940560164763,2.436213995161985,3.582077076441903,15.2
17,0.038777777777777786,0.05100000000000001,0.6887777775526047,1.1938775510204078,-0.7493276044130475,[0.051],-0.47263522240605776,-0.5494823128978946,-0.23327754864336753,2.012638974712253,3.0614905687159615,16.15
18,0.03344444444444444,0.045000000000000005,0.7101111114025116,1.2346938775510203,-0.7172417986563637,[0.045],-0.42616663762265494,-0.5063045349191047,-0.13106742397735163,1.6585971704209581,2.5988802606317805,17.1
19,0.028666666666666663,0.03700000000000001,0.7305555552244186,1.2755102040816328,-0.6918733726537881,[0.037],-0.3835446971228852,-0.4652296237568777,0.012366623073291741,1.3601050753264574,2.211696159412484,18.05
20,0.024333333333333332,0.032,0.7457777768373489,1.3163265306122445,-0.6684423634184012,[0.032],-0.34069544759045955,-0.42115021998094104,0.17478898343557386,1.1092690764605635,1.8730325802964878,19.0
21,0.020777777777777773,0.029000000000000005,0.7613333374261856,1.3571428571428574,-0.6424640883113015,[0.029],-0.2955618279982075,-0.37455366922219147,0.3228387552005002,0.8965420811589311,1.560425321702094,19.95
22,0.016999999999999998,0.024999999999999998,0.7762222200632095,1.3979591836734686,-0.6109383415381515,[0.025],-0.25273227241496005,-0.33256841475070803,0.4422248057903809,0.7217720475222544,1.2695529411302733,20.9
23,0.01344444444444444,0.02,0.7892222195863724,1.4387755102040816,-0.5760398702971767,[0.02],-0.20639533468329882,-0.2865172099504446,0.5680389087576055,0.5836421315201754,1.045270750036819,21.85
24,0.010777777777777777,0.017,0.8017777770757675,1.4795918367346943,-0.5376149891214289,[0.017],-0.1562935361213161,-0.237247950722636,0.7017435638742419,0.4743374171235205,0.8604113315241315,22.8
25,0.009444444444444445,0.016000000000000004,0.8145555526018142,1.5204081632653057,-0.4953297939267094,[0.016],-0.10333743145331487,-0.1848086036239987,0.843783907947485,0.3835450646272819,0.7070106080367462,23.75
26,0.007000000000000001,0.013999999999999999,0.8258888810873032,1.5612244897959184,-0.45988850863056563,[0.014],-0.04758151543937154,-0.12756010040882035,0.9912325893821858,0.31241814570735693,0.5674808074348975,24.7
27,0.005666666666666667,0.011999999999999999,0.8354444444179535,1.6020408163265298,-0.42735016843269447,[0.012],0.003390379613321759,-0.0751543277159399,1.1127942185446213,0.25958408275713307,0.452193192398724,25.65
28,0.004777777777777778,0.009999999999999998,0.8461111098527908,1.6428571428571428,-0.3941800193249633,[0.01],0.055898527248772555,-0.020403342875932172,1.2411189844600632,0.21483516292577395,0.35805803755539245,26.6
29,0.0036666666666666666,0.008,0.855222225189209,1.6836734693877555,-0.3609206784023041,[0.008],0.11137492241423459,0.038702765350044153,1.3818201822509113,0.18050081214409885,0.27694269744972766,27.55
30,0.002666666666666667,0.006,0.862777778506279,1.7244897959183667,-0.30503906668747216,[0.006],0.1676604829488097,0.09864207143869592,1.5233171455895849,0.15279449213119894,0.21257852250165515,28.5
31,0.0024444444444444444,0.005,0.8694444447755814,1.7653061224489792,-0.2455500094107416,[0.005],0.22482334993509437,0.16051381734875725,1.6711326630685814,0.12978609779641165,0.16044803702364294,29.45
32,0.002,0.004,0.8774444460868835,1.8061224489795926,-0.17275183222929802,[0.004],0.28509145248269296,0.2246415267281366,1.823321008270608,0.11097241618549154,0.12091115349160977,30.4
33,0.0016666666666666666,0.003,0.8840000033378601,1.8469387755102038,-0.0876640155502042,[0.003],0.34761416140949475,0.29118440470928436,1.97865072182571,0.09543166964803282,0.08573556891445694,31.35
34,0.0012222222222222222,0.002,0.8897777825593949,1.8877551020408163,-0.013665735226363787,[0.002],0.4111469419363442,0.3585218874036919,2.1146079132017386,0.08434297474601057,0.062475902648893564,32.3
35,0.0008888888888888889,0.001,0.8944444388151169,1.9285714285714284,0.050703599893948424,[0.001],0.47384328096124734,0.4234819301474567,2.243751806461048,0.07595232904928935,0.05052346119401292,33.25
36,0.0006666666666666668,0.0,0.8991111129522323,1.9693877551020407,0.13354438465555485,[0.],0.5379552587406066,0.4901942893262907,2.3753994589138436,0.07009741069204428,0.05000000000000001,34.2
37,0.0005555555555555556,0.0,0.904111111164093,2.010204081632653,0.22257091765195192,[0.],0.6045657613920961,0.5604625361020751,2.508594818906906,0.06549696097495938,0.05000000000000001,35.15
38,0.00044444444444444447,0.0,0.90755555331707,2.0510204081632653,0.3157747974074249,[0.],0.6731081031590956,0.6325683509462783,2.646021818196888,0.06146876821723755,0.05000000000000001,36.1
39,0.00044444444444444447,0.0,0.911111107468605,2.0918367346938775,0.4116126280642517,[0.],0.741379258962982,0.7034205379905196,2.75855569197353,0.057877639189370465,0.05000000000000001,37.05
40,0.00022222222222222223,0.0,0.9149999976158142,2.132653061224489,0.5030615392391767,[0.],0.8101991486053558,0.7745072231189838,2.856116809630915,0.05506523646966275,0.05000000000000001,38.0
41,0.00022222222222222223,0.0,0.9180000007152558,2.1734693877551026,0.5851823689856747,[0.],0.8776993885682369,0.8442814872855038,2.9565908059201016,0.05344766541372699,0.05000000000000001,38.95
42,0.00011111111111111112,0.0,0.9214444369077682,2.214285714285715,0.6697665220970703,[0.],0.9463754737140346,0.9158346458715385,3.058892121693656,0.052148575199790305,0.05000000000000001,39.9
43,0.00011111111111111112,0.0,0.923888885974884,2.255102040816326,0.7726010245442595,[0.],1.016591931887066,0.9889315249708849,3.161617004986903,0.051090316136628657,0.05000000000000001,40.85
44,0.00011111111111111112,0.0,0.9261111080646515,2.2959183673469377,0.8797402791725418,[0.],1.0883775440972552,1.0643668633291685,3.2673126945186928,0.05003205705957194,0.05000000000000001,41.8
45,0.0,0.0,0.9293333321809769,2.3367346938775517,0.9886271556310761,[0.],1.1605022909560279,1.1389281407368697,3.375790291643683,0.05000000000000001,0.05000000000000001,42.75
46,0.0,0.0,0.9322222232818603,2.377551020408163,1.099906497632129,[0.],1.233679890757758,1.2135408053216794,3.4849506674416975,0.05000000000000001,0.05000000000000001,43.7
47,0.0,0.0,0.9345555573701858,2.418367346938775,1.2026303494506805,[0.],1.3073546565224115,1.2884342384179623,3.595069216568445,0.05000000000000001,0.05000000000000001,44.65
48,0.0,0.0,0.9366666704416275,2.459183673469388,1.2969787132001778,[0.],1.3824821921942025,1.3642891079251107,3.7146081489369855,0.05000000000000001,0.05000000000000001,45.6
49,0.0,0.0,0.938333335518837,2.5,1.3915573641651033,[0.],1.4566857368459547,1.4387236354116184,3.8436232901886522,0.05000000000000001,0.05000000000000001,46.55
