,Avg_prob_test,Avg_prob_train,Coverage_test,Eps,Lower_test,Probability_violations_train,Test_val,Train_val,Upper_test,Violations_test,Violations_train,index
0,0.4217777777777778,0.37333333333333335,0.16000000089406968,0.5,-0.6859066785140472,[0.37333333],-0.5266982196131016,-0.583136462124236,-0.34471765308856184,38.06543955511285,36.29592013852834,0.0
1,0.38074074074074077,0.3413333333333333,0.18962963173786798,0.5408163265306121,-0.8189169545661915,[0.34133333],-0.6763027756928338,-0.7162957278829345,-0.5060693684584838,32.88279183435561,31.708038930322505,0.9333333333333333
2,0.3460740740740741,0.31999999999999995,0.21777777870496115,0.5816326530612244,-0.938937866574163,[0.32],-0.7974049618095018,-0.8312564540082388,-0.6435693600459721,28.27019151244486,27.48412851328946,1.8666666666666667
3,0.3114074074074074,0.284,0.24948148330052694,0.6224489795918368,-1.0359209248437085,[0.284],-0.89312117303056,-0.9243783532531046,-0.7639584276636753,24.165310691672556,23.69699464842906,2.8
4,0.27511111111111114,0.26,0.28933333456516264,0.663265306122449,-1.103398609847059,[0.26],-0.9634255937327106,-0.9967450286796752,-0.8682893939053564,20.568665673452315,20.32496524420334,3.7333333333333334
5,0.2405925925925926,0.21466666666666673,0.3201481511195501,0.7040816326530611,-1.0857364368957187,[0.21466667],-1.0084158233600293,-1.0419234557920778,-0.9363578518917538,17.47830447227009,17.496700802505035,4.666666666666667
6,0.21066666666666667,0.18533333333333338,0.35807407399018604,0.7448979591836734,-1.0888200562380301,[0.18533333],-1.0292744357394472,-1.0597549031142948,-0.9281488294908596,14.870575621623281,15.215375965278577,5.6
7,0.18666666666666665,0.16533333333333336,0.3934814840555191,0.7857142857142859,-1.1037760511760277,[0.16533333],-1.030949000644856,-1.0633150516042646,-0.9110629399915313,12.64652772436621,13.219477111152592,6.533333333333333
8,0.16533333333333333,0.14533333333333334,0.43140740791956583,0.8265306122448982,-1.133177115956616,[0.14533333],-1.0178723114212735,-1.0531635331619007,-0.8817808507940973,10.732538797558243,11.481009675692352,7.466666666666667
9,0.14162962962962963,0.12266666666666669,0.46311110655466714,0.8673469387755102,-1.1223421679951753,[0.12266667],-0.9983278167175004,-1.0326248330982915,-0.8165783307057435,9.082586126288794,9.975779274657501,8.4
10,0.12207407407407407,0.10400000000000001,0.4979259312152863,0.9081632653061221,-1.0921503847970921,[0.104],-0.9766653880130101,-1.0028068844378357,-0.7990430804309937,7.712823167663917,8.813433424150729,9.333333333333334
11,0.10607407407407407,0.08800000000000002,0.530518517891566,0.9489795918367343,-1.091645817617222,[0.088],-0.9456108254217815,-0.9680817029007497,-0.7689673712886143,6.545279962643561,7.824399866506375,10.266666666666667
12,0.09111111111111111,0.08133333333333335,0.5595555583635966,0.9897959183673471,-1.0393990735749288,[0.08133333],-0.9068187060512879,-0.9304852649748253,-0.7410391592183831,5.554284251633473,6.955982939713833,11.2
13,0.0802962962962963,0.07200000000000001,0.5856296261151631,1.030612244897959,-0.9927043333708061,[0.072],-0.8598073127863163,-0.8875175064089836,-0.7025200669998797,4.708245600663139,6.155084931360114,12.133333333333333
14,0.06918518518518517,0.06666666666666668,0.6117036998271942,1.0714285714285714,-0.948589299439967,[0.06666667],-0.8104552032816851,-0.8408311408252254,-0.65606495389834,3.9798688781166325,5.453005935248371,13.066666666666666
15,0.060444444444444446,0.061333333333333344,0.6349629620711009,1.1122448979591832,-0.8991754024028957,[0.06133333],-0.7564667492664271,-0.7904508305195618,-0.606930700373428,3.3582126517583646,4.80801773665347,14.0
16,0.05244444444444444,0.05733333333333334,0.6582222282886505,1.1530612244897962,-0.8460142888592951,[0.05733333],-0.6975778378854519,-0.737394551303711,-0.5666318424051404,2.8245650144377645,4.2101648252396995,14.933333333333334
17,0.04414814814814815,0.05600000000000001,0.6782222231229146,1.193877551020408,-0.7943762564161511,[0.056],-0.6352456149088622,-0.6817160545508133,-0.4876494976839638,2.3642438106355326,3.6388830462822224,15.866666666666667
18,0.038518518518518514,0.04933333333333333,0.6989629626274109,1.2346938775510203,-0.7749928999930611,[0.04933333],-0.5793175454533847,-0.6299228784492054,-0.4113362828828214,1.9718879091783104,3.1184810052330505,16.8
19,0.03348148148148147,0.04000000000000001,0.7214814821879069,1.2755102040816326,-0.7588612541057499,[0.04],-0.5271474042600419,-0.579623693531856,-0.36627274682971667,1.6327729906218347,2.696055111684014,17.733333333333334
20,0.028740740740740737,0.037333333333333336,0.7374814788500468,1.3163265306122445,-0.7390847353820226,[0.03733333],-0.4754716633781943,-0.5256508187979108,-0.3177455651671584,1.3428233485009191,2.3164074013542546,18.666666666666668
21,0.024888888888888884,0.034666666666666665,0.7512592593828837,1.3571428571428574,-0.7307641534127539,[0.03466667],-0.4214877550132555,-0.46879272739383054,-0.2649783841946689,1.0935216275639097,1.951656982363167,19.6
22,0.020444444444444442,0.02933333333333333,0.7668148120244344,1.3979591836734688,-0.72835324314605,[0.02933333],-0.37151228425976746,-0.41831324012401944,-0.19494864385387278,0.8843774800758498,1.6039976972553653,20.533333333333335
23,0.015999999999999997,0.025333333333333333,0.7810370326042175,1.4387755102040816,-0.7246133791104105,[0.02533333],-0.31774209165364137,-0.3641042573288418,-0.11159728513286934,0.7200763186580129,1.335780763216122,21.466666666666665
24,0.013037037037037036,0.021333333333333333,0.7936296343803406,1.479591836734694,-0.697933677037115,[0.02133333],-0.2595509087006457,-0.3076194464737193,-0.02358432466221777,0.5903317400932923,1.1018305418150034,22.4
25,0.011407407407407406,0.020000000000000004,0.8071111083030701,1.520408163265306,-0.653833197492406,[0.02],-0.1981662443244056,-0.24822454185954743,0.06712989459161861,0.4813148482473667,0.9098252746528812,23.333333333333332
26,0.008444444444444445,0.01733333333333333,0.8182222127914429,1.5612244897959184,-0.6034909670028923,[0.01733333],-0.13374765180405868,-0.18378369743622933,0.16110179670370312,0.3960820158847983,0.7363147546860273,24.266666666666666
27,0.00725925925925926,0.015999999999999997,0.8274074077606202,1.60204081632653,-0.5493538772212876,[0.016],-0.07637559140514003,-0.12653467845842437,0.25950354800382053,0.32847441586112136,0.5862575744831227,25.2
28,0.006370370370370371,0.013333333333333332,0.8388148109118144,1.6428571428571426,-0.4910833502043187,[0.01333333],-0.017637477663587742,-0.06676046813695209,0.3618957541200182,0.26978019230848654,0.46074410092271034,26.133333333333333
29,0.004888888888888889,0.010666666666666666,0.8481481512387593,1.6836734693877558,-0.42797059289726286,[0.01066667],0.04428541152424533,-0.002279486359363118,0.4667754130773252,0.22400106602168207,0.3525902963513656,27.066666666666666
30,0.0035555555555555557,0.008,0.8557037035624186,1.724489795918367,-0.36931914280530853,[0.008],0.1063532392634326,0.06321177519785207,0.5738762898315701,0.18705946766734124,0.2667711897432882,28.0
31,0.0032592592592592595,0.006666666666666667,0.8632592598597209,1.7653061224489794,-0.34799066908781895,[0.00666667],0.1690057490220712,0.12922237101130607,0.685647256728153,0.15638155147236407,0.19726409068880382,28.933333333333334
32,0.0026666666666666666,0.005333333333333333,0.8717037041982015,1.8061224489795924,-0.3309170462019191,[0.00533333],0.23470335571673842,0.19743379715777104,0.8037173360879148,0.13129659982500216,0.14454820316783362,29.866666666666667
33,0.0022222222222222222,0.004,0.8794074098269145,1.8469387755102036,-0.3128674349135055,[0.004],0.30275010781816875,0.26840413074327,0.9263393573438536,0.11057561387081953,0.0976474240095091,30.8
34,0.0016296296296296297,0.0026666666666666666,0.8851851900418599,1.8877551020408168,-0.2941638311239457,[0.00266667],0.37128991385582716,0.33957545104479375,1.0516682788229081,0.09579067238040309,0.0666345361106149,31.733333333333334
35,0.0011851851851851852,0.0013333333333333333,0.8900740702946981,1.928571428571428,-0.2735890681970471,[0.00133333],0.4380215920727444,0.40757197123055383,1.1589575804311176,0.08460310428734924,0.05069794861488704,32.666666666666664
36,0.0008888888888888889,0.0,0.8946666638056437,1.9693877551020407,-0.2552336546812239,[0.],0.505511852366304,0.4770088181080086,1.2652523373524396,0.07679653525309292,0.05000000000000001,33.6
37,0.0007407407407407408,0.0,0.9,2.0102040816326534,-0.24105303930240868,[0.],0.5749882393472779,0.5502505988236841,1.3738157764796108,0.07066261213218143,0.05000000000000001,34.53333333333333
38,0.0005925925925925926,0.0,0.9035555481910705,2.051020408163265,-0.22617929558143213,[0.],0.6461009791261685,0.6255244228621124,1.480069005326001,0.06529168802284978,0.05000000000000001,35.46666666666667
39,0.0005925925925925926,0.0,0.9074074029922485,2.0918367346938775,-0.2105397876563417,[0.],0.7159930152122261,0.6991267343962628,1.5784069521320743,0.060503518549067915,0.05000000000000001,36.4
40,0.0002962962962962963,0.0,0.9117037018140157,2.132653061224489,-0.19404825138995818,[0.],0.7859047402413847,0.7722682768385245,1.6790408652781665,0.05675364930673699,0.05000000000000001,37.333333333333336
41,0.0002962962962962963,0.0,0.9152592579523723,2.1734693877551012,-0.17842039764021067,[0.],0.8533145979665008,0.8421840332280343,1.7735529587753576,0.054596888473260635,0.05000000000000001,38.266666666666666
42,0.00014814814814814815,0.0,0.919259254137675,2.214285714285715,-0.16433191390102075,[0.],0.9216942374086136,0.9134834421160359,1.8657597691816947,0.05286476629619355,0.05000000000000001,39.2
43,0.00014814814814814815,0.0,0.9219259222348531,2.255102040816326,-0.1501765416666944,[0.],0.9916065883104258,0.9862271719026124,1.9600745251020455,0.05145375406835379,0.05000000000000001,40.13333333333333
44,0.00014814814814814815,0.0,0.9242962916692098,2.295918367346938,-0.13617314910468364,[0.],1.0631314446385554,1.0613607281821489,2.05595715402156,0.050042741844279745,0.05000000000000001,41.06666666666667
45,0.0,0.0,0.9277036984761556,2.3367346938775517,-0.12275991923373804,[0.],1.1347486651330043,1.1353283705882835,2.1527955084449024,0.05000000000000001,0.05000000000000001,42.0
46,0.0,0.0,0.9305185198783874,2.377551020408163,-0.07881905980637918,[0.],1.206963663644453,1.2089336443661867,2.2504006175272453,0.05000000000000001,0.05000000000000001,42.93333333333333
47,0.0,0.0,0.9333333333333333,2.4183673469387754,-0.03418827938819684,[0.],1.2789735139247846,1.2814911015045365,2.3498464614536623,0.05000000000000001,0.05000000000000001,43.86666666666667
48,0.0,0.0,0.9352592666943867,2.4591836734693877,0.011497856306489806,[0.],1.3519655253720984,1.3550806021500115,2.465357654776068,0.05000000000000001,0.05000000000000001,44.8
49,0.0,0.0,0.9370370388031006,2.5,0.05725183316702303,[0.],1.4233076179175908,1.4263042746871128,2.5785377361918846,0.05000000000000001,0.05000000000000001,45.733333333333334
