,Avg_prob_test,Avg_prob_train,Coverage_test,Eps,Lower_test,Probability_violations_train,Test_val,Train_val,Upper_test,Violations_test,Violations_train,index
0,0.3244444444444444,0.32599999999999996,0.11088888980448246,0.5,-0.5465764683487784,[0.326],-0.33253539006574206,-0.04700032745161501,0.02611956721796265,28.48156711106651,31.730286245176075,0.0
1,0.2982222222222223,0.29599999999999993,0.13111111037433149,0.5408163265306122,-0.6225929350681405,[0.296],-0.4614716058762346,-0.1860060153245205,-0.14941103616504894,24.637361296000805,27.760686465528636,0.9
2,0.2677777777777778,0.26399999999999996,0.15377778001129627,0.5816326530612245,-0.7167109555691449,[0.264],-0.5710181295980956,-0.3039416708057909,-0.29959366560770007,21.180949323702563,24.21248733974439,1.8
3,0.23755555555555558,0.23999999999999994,0.17711111083626746,0.6224489795918366,-0.7819406873629446,[0.24],-0.6601366428446307,-0.40391368749719375,-0.42253698141686624,18.13309761079705,21.0235610231392,2.7
4,0.21066666666666664,0.21200000000000002,0.20266666859388352,0.663265306122449,-0.8197822090957618,[0.212],-0.7302289426529779,-0.4856810051728117,-0.5221223148888887,15.46577011755473,18.19872864606308,3.6
5,0.188,0.196,0.23177777640521527,0.7040816326530611,-0.8331724209048468,[0.196],-0.7840014829037373,-0.5520622659905973,-0.6102623254991943,13.124837815662152,15.681617410058655,4.5
6,0.15977777777777777,0.16799999999999998,0.2655555561184883,0.7448979591836736,-0.8701367441524177,[0.168],-0.8213212801164353,-0.6048927917790766,-0.6841038431727952,11.112960349999902,13.435520847832336,5.4
7,0.13933333333333336,0.14799999999999996,0.2982222162187099,0.7857142857142857,-0.8743616060845245,[0.148],-0.8434150539408615,-0.6430132274757934,-0.7395409115770434,9.405603350604014,11.483626099676398,6.3
8,0.12,0.128,0.3246666707098484,0.8265306122448981,-0.8703276220309775,[0.128],-0.8535074420099822,-0.6642448642606495,-0.7663722222033842,7.938274090066886,9.869507343846475,7.2
9,0.10155555555555555,0.12000000000000002,0.35555555373430253,0.8673469387755102,-0.8722635911651868,[0.12],-0.8515637279373227,-0.6778296861806358,-0.7752924218300175,6.71166685935451,8.408324871840295,8.1
10,0.08488888888888889,0.10400000000000001,0.3837777800858021,0.9081632653061222,-0.872218909920111,[0.104],-0.8390294600397141,-0.684557573850841,-0.7465161627097711,5.6968707048527865,7.084281077854536,9.0
11,0.07222222222222222,0.098,0.41400000229477885,0.9489795918367345,-0.8811392527989721,[0.098],-0.8183398293036814,-0.6841893534543481,-0.7085137157235835,4.845181836226578,5.902159484010033,9.9
12,0.06088888888888888,0.08400000000000002,0.4377777725458145,0.9897959183673469,-0.8843528049890642,[0.084],-0.7916837118128641,-0.6778368693540245,-0.6454481326602697,4.112822656815064,4.839723125494361,10.8
13,0.05177777777777778,0.07200000000000001,0.46044444292783737,1.030612244897959,-0.878860915689086,[0.072],-0.7682302576802409,-0.6677312195758202,-0.629545153076915,3.4897531253366507,3.9879145939362495,11.7
14,0.04688888888888888,0.054000000000000006,0.48133333027362823,1.0714285714285714,-0.8623643911861695,[0.054],-0.746161270898766,-0.656567129953786,-0.6324764644610115,2.962157564732462,3.263332024458279,12.6
15,0.03933333333333333,0.044,0.5022222228348255,1.1122448979591832,-0.8410554782695245,[0.044],-0.7219814818562063,-0.6418333530388252,-0.6342907348287002,2.5000777082541736,2.663915503686318,13.5
16,0.03288888888888889,0.038,0.516444443911314,1.153061224489796,-0.8202562522628699,[0.038],-0.6952423554818795,-0.6234316078917438,-0.6355045090979222,2.1256069165932843,2.1438931515661817,14.4
17,0.028444444444444446,0.03,0.5311111181974411,1.1938775510204083,-0.7996421286280075,[0.03],-0.6782053591673594,-0.6114564955889585,-0.6354362306742771,1.8062164837609955,1.7180664403790975,15.3
18,0.024444444444444442,0.023999999999999997,0.5464444473385811,1.2346938775510203,-0.7907041519248015,[0.024],-0.6593920583959954,-0.5963467467040517,-0.6348256866536477,1.5225907347477936,1.3955265636619358,16.2
19,0.022222222222222223,0.016,0.5586666688323021,1.2755102040816324,-0.7715811052899052,[0.016],-0.642465083596709,-0.584054925115767,-0.6219165824478422,1.2691414297611723,1.1857324271885592,17.1
20,0.01688888888888889,0.012,0.5724444404244423,1.3163265306122447,-0.767447243274723,[0.012],-0.6246121767446101,-0.5698853065031779,-0.5516243861345111,1.0570156255913838,1.0086739090309549,18.0
21,0.01422222222222222,0.012,0.5844444468617439,1.3571428571428574,-0.7623824232772979,[0.012],-0.6039262195490276,-0.5543768175487149,-0.5072777112240878,0.8899161020062343,0.8614584004787025,18.9
22,0.012222222222222221,0.01,0.5957777813076973,1.3979591836734693,-0.7569602811332432,[0.01],-0.5835413160459668,-0.5406550182648336,-0.48657821251095384,0.7483440048985972,0.7226798344151139,19.8
23,0.010888888888888889,0.01,0.6037777796387672,1.4387755102040816,-0.751473144808768,[0.01],-0.5674515947540216,-0.53021738673559,-0.47700934417747193,0.6212438111026942,0.5964594417512201,20.7
24,0.009111111111111111,0.01,0.6128888875246048,1.4795918367346936,-0.7453919286959788,[0.01],-0.5511038280604098,-0.5203791362246383,-0.4572843870093519,0.5144886509984341,0.4693870385429907,21.6
25,0.007333333333333333,0.006,0.6222222179174424,1.5204081632653064,-0.7382560889942037,[0.006],-0.530945565706365,-0.5100874003212477,-0.4206154538520811,0.4245994217287799,0.3409142500777155,22.5
26,0.006666666666666666,0.004,0.631777785718441,1.5612244897959184,-0.7273980564684428,[0.004],-0.5085415358120013,-0.49896350591256555,-0.38682128695299955,0.350545870921318,0.2482058274273104,23.4
27,0.005555555555555556,0.002,0.6399999976158142,1.6020408163265305,-0.7137093192063603,[0.002],-0.48505133807971984,-0.48579628706742406,-0.373240707646875,0.2827855974507592,0.21060467897002394,24.3
28,0.004666666666666667,0.002,0.6473333388566971,1.6428571428571428,-0.6978782326393206,[0.002],-0.4599393444451073,-0.47209188614461484,-0.35966013260531227,0.22763077773311258,0.18034618874319816,25.2
29,0.003777777777777778,0.002,0.6566666647791862,1.6836734693877555,-0.6803572115825754,[0.002],-0.43374652986437157,-0.45707503882628614,-0.3460795564526011,0.17742225430503855,0.150087695755702,26.1
30,0.002888888888888889,0.002,0.6628888919949532,1.7244897959183674,-0.6614582066788246,[0.002],-0.40731381334819633,-0.4427209091763869,-0.3342056603746008,0.14067687344625887,0.1198291883877575,27.0
31,0.0022222222222222222,0.002,0.6675555527210235,1.7653061224489792,-0.6535884279463553,[0.002],-0.38180400148109805,-0.4298416195649747,-0.32624164882014334,0.10975706906382524,0.08957069445832433,27.9
32,0.0015555555555555557,0.002,0.6735555589199066,1.806122448979592,-0.6456397117346858,[0.002],-0.35314929348327906,-0.4152265864293253,-0.3154330094294446,0.08938121913023903,0.05931220206467651,28.8
33,0.0011111111111111111,0.0,0.6797777727246285,1.8469387755102038,-0.637587832758059,[0.],-0.32286650502496606,-0.39768414447634104,-0.30367437180389106,0.07727684619596072,0.050000017866040435,29.7
34,0.0006666666666666668,0.0,0.6873333364725113,1.8877551020408165,-0.6291684980148913,[0.],-0.2937797186488147,-0.38129884555159743,-0.27714756386771616,0.06689489880423131,0.049999999999999996,30.6
35,0.00022222222222222223,0.0,0.6926666736602783,1.9285714285714284,-0.6206369008188145,[0.],-0.26417102833213585,-0.3639848811553604,-0.24565416886123406,0.06150049068713008,0.049999999999999996,31.5
36,0.00022222222222222223,0.0,0.696000000834465,1.9693877551020407,-0.61194629015186,[0.],-0.23366108206830322,-0.3464417399946508,-0.21416077150429996,0.058835083538096855,0.049999999999999996,32.4
37,0.00022222222222222223,0.0,0.7015555530786515,2.0102040816326534,-0.6028926203868467,[0.],-0.20349619436959904,-0.3276743231266227,-0.18595274242269458,0.056169676401549726,0.049999999999999996,33.3
38,0.00022222222222222223,0.0,0.7057777747511864,2.051020408163265,-0.5932910549531907,[0.],-0.1782419828289507,-0.309652640678215,-0.16157473590353924,0.05350426924793644,0.049999999999999996,34.2
39,0.00022222222222222223,0.0,0.7088888883590698,2.0918367346938775,-0.5835296544574411,[0.],-0.15768934410476781,-0.2924677452581454,-0.1371967293544356,0.050838862089642625,0.049999999999999996,35.1
40,0.0,0.0,0.7137777805328369,2.1326530612244894,-0.5737125540044195,[0.],-0.1367656324474391,-0.2752899246987836,-0.1128187230311809,0.049999999999999996,0.049999999999999996,36.0
41,0.0,0.0,0.7188888847827911,2.1734693877551017,-0.5637385593026547,[0.],-0.11515485713453624,-0.25742786263781053,-0.08844071734714831,0.049999999999999996,0.049999999999999996,36.9
42,0.0,0.0,0.7220000058412552,2.214285714285715,-0.5537520329820731,[0.],-0.0928786140883088,-0.23910608195320743,-0.06406270109747071,0.049999999999999996,0.049999999999999996,37.8
43,0.0,0.0,0.7259999930858612,2.255102040816326,-0.5436975801101654,[0.],-0.07030162108427591,-0.2204615170972255,-0.039684691320400825,0.049999999999999996,0.049999999999999996,38.7
44,0.0,0.0,0.7293333321809768,2.2959183673469385,-0.529580629794866,[0.],-0.04672615366277675,-0.2008944762111779,-0.015306695953101905,0.049999999999999996,0.049999999999999996,39.6
45,0.0,0.0,0.7337777733802795,2.3367346938775513,-0.5150735035250675,[0.],-0.022940789890185876,-0.18049474319857994,-1.075644372121645e-05,0.049999999999999996,0.049999999999999996,40.5
46,0.0,0.0,0.7366666704416275,2.377551020408163,-0.4999696243050656,[0.],1.3035449132758892e-05,-0.161691230852762,1.2781542881039046e-09,0.049999999999999996,0.049999999999999996,41.4
47,0.0,0.0,0.7406666696071624,2.418367346938776,-0.4847388035675866,[0.],0.02343074177406377,-0.14252826950451436,2.0804662051284036e-09,0.049999999999999996,0.049999999999999996,42.3
48,0.0,0.0,0.743555548787117,2.4591836734693873,-0.46948602035751225,[0.],0.04744376274708621,-0.12219396967942964,0.008025731093744387,0.049999999999999996,0.049999999999999996,43.2
49,0.0,0.0,0.7479999989271164,2.5,-0.4536713669479944,[0.],0.07168244642411428,-0.10150801845622145,0.01915975884411426,0.049999999999999996,0.049999999999999996,44.1
