,Avg_prob_test,Avg_prob_train,Coverage_test,Eps,Lower_test,Probability_violations_train,Test_val,Train_val,Upper_test,Violations_test,Violations_train,index
0,0.4245925925925926,0.37733333333333335,0.1597037027279536,0.5,-0.4117177479421892,[0.37733333],-0.2576484503762374,-0.3089401650619495,0.028759043326193404,42.58376978913773,40.70292336610776,0.0
1,0.3844444444444444,0.34266666666666673,0.1880000020066897,0.5408163265306121,-0.6035631198112772,[0.34266667],-0.4343229355394306,-0.47000697408976383,-0.1844451728910035,36.69109166417661,35.33781948309281,0.9333333333333333
2,0.34814814814814815,0.316,0.218814817070961,0.5816326530612244,-0.7528932444655299,[0.316],-0.5781991686091582,-0.605110547349309,-0.3745697222753198,31.454378532086647,30.49198026843306,1.8666666666666667
3,0.31377777777777766,0.27999999999999997,0.25244444608688354,0.6224489795918368,-0.8283342911891535,[0.28],-0.6934253409057978,-0.712502418790731,-0.5262330886091451,26.790666617366842,26.20037509151912,2.8
4,0.27629629629629626,0.252,0.28562963008880615,0.663265306122449,-0.9024229673818155,[0.252],-0.7802099088843679,-0.7940238062653902,-0.6532274629234807,22.69578679942702,22.426179610742643,3.7333333333333334
5,0.24296296296296296,0.21466666666666673,0.3202962974707286,0.7040816326530611,-0.9784875263590076,[0.21466667],-0.8404353284925659,-0.8478841779580454,-0.7457611047786254,19.1320899416164,19.2052044405003,4.666666666666667
6,0.21066666666666664,0.18666666666666668,0.3583703686793645,0.7448979591836734,-0.917727811261952,[0.18666667],-0.8743888785180451,-0.8763043434697958,-0.7903692172120318,16.093830507096254,16.493033421775642,5.6
7,0.18355555555555553,0.16133333333333336,0.3952592541774114,0.7857142857142859,-0.9632621624024698,[0.16133333],-0.8862034356948975,-0.8857727961872304,-0.792437145847354,13.498350900874112,14.15989662314426,6.533333333333333
8,0.16088888888888891,0.14533333333333334,0.4312592625617981,0.8265306122448982,-0.9755173264892445,[0.14533333],-0.8814308961418007,-0.8776595471549864,-0.7686582426552719,11.269422881137297,12.14861734360403,7.466666666666667
9,0.13614814814814816,0.12400000000000003,0.4672592580318451,0.8673469387755102,-1.0140447253742797,[0.124],-0.8657169858722403,-0.8590946923046716,-0.7511176897410405,9.371841134091476,10.379810351814761,8.4
10,0.11733333333333333,0.10133333333333334,0.4992592573165894,0.9081632653061221,-1.0148767330039001,[0.10133333],-0.8418347369892033,-0.830230175487296,-0.7047786785980906,7.778710619364503,8.907589917825865,9.333333333333334
11,0.0997037037037037,0.08266666666666668,0.5327407399813334,0.9489795918367343,-1.008208032494251,[0.08266667],-0.8128780415571093,-0.7942619800560444,-0.6619220190740581,6.424566362116219,7.706165604615659,10.266666666666667
12,0.08637037037037038,0.07200000000000002,0.560740739107132,0.9897959183673471,-0.9843228350514835,[0.072],-0.7798363650460843,-0.7593328341756803,-0.6170488688832201,5.2826862968425665,6.690726925583025,11.2
13,0.07244444444444444,0.06800000000000002,0.5902222235997517,1.030612244897959,-0.9446243270647172,[0.068],-0.7407841407063583,-0.7216583955476606,-0.5961824856133624,4.314148820530056,5.788927831418766,12.133333333333333
14,0.06148148148148148,0.064,0.6162962913513184,1.0714285714285714,-0.894361678612232,[0.064],-0.6989074001871854,-0.6845112743119909,-0.5849945600224102,3.5002281125299834,4.922136862999737,13.066666666666666
15,0.05125925925925926,0.05600000000000001,0.6408888936042786,1.1122448979591832,-0.8433930131569376,[0.056],-0.6539048757840072,-0.6467505238813824,-0.5712460514990161,2.823747091160244,4.153670321616272,14.0
16,0.04192592592592592,0.052000000000000005,0.6659259259700775,1.1530612244897962,-0.7884068576882118,[0.052],-0.6141342341227567,-0.6152139854992807,-0.5542674721551222,2.2743887613879363,3.472901512797677,14.933333333333334
17,0.03659259259259259,0.04133333333333334,0.6862222294012705,1.193877551020408,-0.7212855947254665,[0.04133333],-0.5782802489703472,-0.5829963711760259,-0.5138740458109166,1.8071368488820163,2.8946524177846853,15.866666666666667
18,0.03007407407407408,0.03866666666666667,0.7071111083030701,1.2346938775510203,-0.6660339769422733,[0.03866667],-0.5403579453759382,-0.5493095532515201,-0.46736285885333506,1.4133923181910997,2.385221894064053,16.8
19,0.022962962962962963,0.034666666666666665,0.7269629637400309,1.2755102040816326,-0.648119601416922,[0.03466667],-0.5035768304664805,-0.5184597602805866,-0.41428466572556166,1.1013198914968385,1.9231814651536858,17.733333333333334
20,0.018074074074074076,0.029333333333333333,0.7419259309768677,1.3163265306122445,-0.6131026484586527,[0.02933333],-0.46875292812388986,-0.4908080800253433,-0.3772892461956452,0.860796321654411,1.5095217085658457,18.666666666666668
21,0.01437037037037037,0.022666666666666665,0.7588148156801859,1.3571428571428574,-0.6069349042599623,[0.02266667],-0.4340630446850187,-0.46153216177637074,-0.3745780217219683,0.6715557248105452,1.1846074173932948,19.6
22,0.01111111111111111,0.018666666666666668,0.7754074056943258,1.3979591836734688,-0.599849796542083,[0.01866667],-0.40323672762060503,-0.4346993798392324,-0.3652515561731894,0.5270775000182203,0.9291041735778888,20.533333333333335
23,0.008,0.01733333333333333,0.789037036895752,1.4387755102040816,-0.5914839427624909,[0.01733333],-0.3741199290684866,-0.40805035493290137,-0.3223336415866259,0.42126370173833527,0.7080359358763071,21.466666666666665
24,0.006518518518518519,0.013333333333333332,0.8022222280502319,1.479591836734694,-0.5823181891148103,[0.01333333],-0.3423396499004416,-0.3765191393983909,-0.27725238193700175,0.33861586396710536,0.5324523680744169,22.4
25,0.005629629629629629,0.010666666666666666,0.8133333285649618,1.520408163265306,-0.5588162033483437,[0.01066667],-0.30809212917647527,-0.341840461984608,-0.24803595512763776,0.2743403418576493,0.40353747957965924,23.333333333333332
26,0.004296296296296296,0.008,0.824148150285085,1.5612244897959184,-0.5451167486731134,[0.008],-0.2726124160129029,-0.3068961534073357,-0.21896312815502106,0.21966935141418456,0.30727727602777255,24.266666666666666
27,0.0034074074074074076,0.008,0.8328888853391011,1.60204081632653,-0.5320583392589194,[0.008],-0.23929570589510207,-0.273755185069417,-0.19347084783576757,0.17893727593163616,0.21264220249437005,25.2
28,0.0023703703703703703,0.006666666666666667,0.8425185243288676,1.6428571428571426,-0.5175431130646668,[0.00666667],-0.205180168274394,-0.24040389030080297,-0.1692064224317211,0.1499679585430293,0.13417040047898884,26.133333333333333
29,0.002074074074074074,0.0013333333333333333,0.8522962967554728,1.6836734693877558,-0.5027254311880521,[0.00133333],-0.17335529887703569,-0.2098067823433393,-0.1453064985169889,0.12628020096688025,0.07910551213890746,27.066666666666666
30,0.0017777777777777779,0.0013333333333333333,0.8602962891260783,1.724489795918367,-0.4879077516757743,[0.00133333],-0.1406390061962184,-0.17717379609968772,-0.12009672835294329,0.10685778985046525,0.06489614811868685,28.0
31,0.0013333333333333333,0.0013333333333333333,0.8682963013648987,1.7653061224489794,-0.47193010734883334,[0.00133333],-0.10597151466370051,-0.14430014693440088,-0.09159664165879533,0.09151492686118393,0.05068678383503443,28.933333333333334
32,0.001037037037037037,0.0,0.874222215016683,1.8061224489795924,-0.4542678895920834,[0.],-0.06952509218937858,-0.11051463269199571,-0.05316367542746206,0.07986710882692996,0.05000000000000001,29.866666666666667
33,0.0007407407407407408,0.0,0.8811851819356282,1.8469387755102036,-0.4420724473175936,[0.],-0.03173787142334157,-0.07562000825499693,0.001865548264053274,0.0711955211630996,0.05000000000000001,30.8
34,0.0005925925925925926,0.0,0.8872592647870382,1.8877551020408168,-0.4230148794890562,[0.],0.007258157341361046,-0.041281532568819015,0.06409157298028895,0.06416174179033177,0.05000000000000001,31.733333333333334
35,0.0005925925925925926,0.0,0.8919999996821085,1.928571428571428,-0.38623472130813263,[0.],0.04762402502317172,-0.006119989291146529,0.12991203826227032,0.05796733125216837,0.05000000000000001,32.666666666666664
36,0.0002962962962962963,0.0,0.8954074144363403,1.9693877551020407,-0.3527027485438951,[0.],0.08846974891405314,0.028501662404651396,0.19932628555662546,0.054768640532690815,0.05000000000000001,33.6
37,0.00014814814814814815,0.0,0.8997037092844645,2.0102040816326534,-0.32149691402737574,[0.],0.12994143493461385,0.0640960120977649,0.273116804753871,0.05235133988502391,0.05000000000000001,34.53333333333333
38,0.00014814814814814815,0.0,0.903259273370107,2.051020408163265,-0.2883399171490423,[0.],0.17315233526703958,0.1018770935931794,0.3530382516867575,0.05052592721025521,0.05000000000000001,35.46666666666667
39,0.0,0.0,0.9074074109395345,2.0918367346938775,-0.2597697359220705,[0.],0.2173341210714854,0.1414893678719311,0.43501520337115396,0.05000000000000001,0.05000000000000001,36.4
40,0.0,0.0,0.9106666604677837,2.132653061224489,-0.23356530976385514,[0.],0.2605306003726563,0.1802494304429559,0.5196789597697102,0.05000000000000001,0.05000000000000001,37.333333333333336
41,0.0,0.0,0.9149629632631938,2.1734693877551012,-0.2115891651441938,[0.],0.30452479884152106,0.2202964170290444,0.6077456494392393,0.05000000000000001,0.05000000000000001,38.266666666666666
42,0.0,0.0,0.9176296313603719,2.214285714285715,-0.19408911299742734,[0.],0.3488866183633162,0.26098272068720535,0.6987371989847893,0.05000000000000001,0.05000000000000001,39.2
43,0.0,0.0,0.9207407355308532,2.255102040816326,-0.1721763777609795,[0.],0.3945642662685785,0.3029741621982984,0.7908683845270243,0.05000000000000001,0.05000000000000001,40.13333333333333
44,0.0,0.0,0.9232592542966207,2.295918367346938,-0.14759048044117565,[0.],0.4406085216035121,0.344743984507067,0.8778746446720096,0.05000000000000001,0.05000000000000001,41.06666666666667
45,0.0,0.0,0.9256296277046203,2.3367346938775517,-0.1305211174506971,[0.],0.48551615491530337,0.3867067665073101,0.9506816254234982,0.05000000000000001,0.05000000000000001,42.0
46,0.0,0.0,0.9288888891537984,2.377551020408163,-0.120349335538216,[0.],0.5291379015868022,0.42900329900002077,1.0097395326907692,0.05000000000000001,0.05000000000000001,42.93333333333333
47,0.0,0.0,0.9314074039459228,2.4183673469387754,-0.1312429781366508,[0.],0.5730106460030232,0.4723711332021497,1.0695187647279498,0.05000000000000001,0.05000000000000001,43.86666666666667
48,0.0,0.0,0.9336296200752259,2.4591836734693877,-0.1412134985285786,[0.],0.6182197450305549,0.5175157369595015,1.1305101495771732,0.05000000000000001,0.05000000000000001,44.8
49,0.0,0.0,0.9352592547734578,2.5,-0.12448060887285554,[0.],0.6644024080956771,0.5643499195678021,1.1917723689591622,0.05000000000000001,0.05000000000000001,45.733333333333334
