,Avg_prob_test,Coverage_test,Eps,Lower_test,Test_val,Upper_test,Violations_test,index
0,0.6324938271604937,0.0,0.0001,-0.40777421794807056,-0.2976130314809026,-0.1917316554850388,5.405846473666297,0.0
1,0.6083950617283951,0.001066666649421677,0.040503030303030305,-0.4077742205505208,-0.2976130318643118,-0.19173165516191698,5.034132595977878,0.8
2,0.5810864197530864,0.004355555586516857,0.0809060606060606,-0.4077742148681474,-0.2976130309010396,-0.19173165483140495,4.678142764812765,1.6
3,0.553037037037037,0.010044444445520639,0.1213090909090909,-0.4077742174961876,-0.29761303034157605,-0.1917316550144565,4.338596243424524,2.4
4,0.525679012345679,0.01853333320468664,0.1617121212121212,-0.40777420166229994,-0.297613028851654,-0.1917316519415523,4.015728949428389,3.2
5,0.49896296296296294,0.02817777805030346,0.2021151515151515,-0.4077742146599771,-0.2976130285907923,-0.19173164874518647,3.70971694905534,4.0
6,0.4694814814814815,0.040577777475118634,0.2425181818181818,-0.40777419915336494,-0.2976130240723852,-0.19173165354275262,3.4205583158016433,4.8
7,0.4415308641975308,0.054666667431592944,0.28292121212121213,-0.4077742121669069,-0.2976130227799886,-0.19173164550111627,3.1484983318676405,5.6
8,0.41580246913580243,0.06991111189126968,0.3233242424242424,-0.4077742053606803,-0.2976130264876259,-0.1917316486936277,2.8926851550806814,6.4
9,0.38923456790123456,0.08720000088214874,0.3637272727272727,-0.4064477911951115,-0.29631966131668874,-0.1913902250449681,2.6323348289146464,7.2
10,0.3646913580246914,0.1063111111521721,0.40413030303030306,-0.40304599764828736,-0.29333425398970064,-0.1893672463626288,2.3627460992538927,8.0
11,0.3374320987654321,0.12702222019433976,0.44453333333333334,-0.3939119857586414,-0.2858301156618317,-0.18475703089646212,2.0651760317395222,8.8
12,0.31046913580246915,0.14831110835075378,0.4849363636363636,-0.3833674244757109,-0.2786634894158543,-0.18240093496833193,1.8000686894575577,9.6
13,0.2840493827160494,0.16964444220066072,0.5253393939393939,-0.3758186294203836,-0.2724091604226423,-0.17929545833819815,1.5706454340062825,10.4
14,0.2589135802469136,0.1897333323955536,0.5657424242424243,-0.36650676424578577,-0.2660388975337664,-0.1742623445506062,1.3571179219947578,11.2
15,0.2340246913580247,0.21106666326522827,0.6061454545454545,-0.35762923644876193,-0.259836252392515,-0.17081795584228693,1.16249146722315,12.0
16,0.2105679012345679,0.2335111081600189,0.6465484848484848,-0.35002369714110587,-0.2547428858441795,-0.16772088639207522,0.9989570752686738,12.8
17,0.1891851851851852,0.25653332769870757,0.6869515151515151,-0.3426538516382556,-0.2500915352898232,-0.16441763066186532,0.8567920903519116,13.6
18,0.16844444444444445,0.27902222275733946,0.7273545454545454,-0.3364212623008088,-0.2460359039365633,-0.1611260918685329,0.7347215269911181,14.4
19,0.147358024691358,0.30226666331291197,0.7677575757575757,-0.3303220842791556,-0.2425246853236743,-0.15839432464153463,0.6313047878875593,15.2
20,0.12908641975308643,0.326755553483963,0.8081606060606059,-0.3257827483309853,-0.2394554223584283,-0.15627781044429384,0.5438478376405033,16.0
21,0.11367901234567901,0.3498222231864929,0.8485636363636363,-0.32219285780114637,-0.2367409673973664,-0.15366153187246306,0.46960548759644344,16.8
22,0.09916049382716048,0.3734666705131531,0.8889666666666667,-0.31792296807899423,-0.23426846420631753,-0.15229774586299308,0.4060872543745403,17.6
23,0.08577777777777779,0.3953777730464935,0.9293696969696971,-0.3144390740415246,-0.23194599172708372,-0.14990817135190687,0.35128042717761965,18.4
24,0.07417283950617284,0.4181333422660828,0.9697727272727272,-0.31156805227316936,-0.22984933300774113,-0.14810925122490773,0.30486208297516076,19.2
25,0.06345679012345679,0.43844444751739503,1.0101757575757575,-0.3091420068170351,-0.22790026360900217,-0.1460565745536006,0.26547512845472776,20.0
26,0.05323456790123456,0.4594666659832001,1.0505787878787878,-0.3057353792591707,-0.22589290893874345,-0.14342519295631,0.2326810242507586,20.8
27,0.04464197530864198,0.48128889203071595,1.090981818181818,-0.3029903894254194,-0.2237293050936838,-0.14141932062276763,0.20564026825293916,21.6
28,0.03846913580246914,0.5032444477081299,1.1313848484848485,-0.30032807548313656,-0.22175505403151644,-0.13960216592239783,0.1829073229234924,22.4
29,0.03234567901234568,0.5225333333015442,1.1717878787878788,-0.2974516163559625,-0.21982538448200423,-0.13753537957656958,0.16350419595315976,23.2
30,0.02785185185185185,0.5423999965190888,1.212190909090909,-0.2949336409503331,-0.21790205330283516,-0.13488301112568074,0.14710509145495798,24.0
31,0.023950617283950617,0.5608444452285767,1.2525939393939394,-0.2919914012974967,-0.21601025775936397,-0.13233396130881733,0.13290530890279578,24.8
32,0.019703703703703702,0.5790666580200196,1.2929969696969696,-0.2892275362689733,-0.21425993286747597,-0.13000974012558025,0.12096773848240025,25.6
33,0.016592592592592593,0.5962222218513489,1.3334,-0.28775835479757805,-0.21263560971509454,-0.12770376350164822,0.1110272275883406,26.4
34,0.014074074074074076,0.6125333309173584,1.3738030303030302,-0.2867749751984873,-0.21112323844409825,-0.12611261274740135,0.10264824470874194,27.2
35,0.012148148148148148,0.6296444535255432,1.4142060606060605,-0.28560490265074406,-0.20969977042003482,-0.12389534882523538,0.09539007623825346,28.0
36,0.01017283950617284,0.6462666630744934,1.4546090909090907,-0.2843207827369591,-0.20833634707352777,-0.12213712969516868,0.0892383665047225,28.8
37,0.008296296296296296,0.6625333428382874,1.4950121212121212,-0.282986061839593,-0.2070532393997,-0.12052686333574832,0.0841831094790391,29.6
38,0.007209876543209875,0.6754222273826599,1.5354151515151515,-0.2817412840073641,-0.20584596237229325,-0.11936644630365947,0.07991090441145965,30.4
39,0.006024691358024692,0.6908888816833496,1.5758181818181818,-0.28144605306880244,-0.20470709375879048,-0.11765907226169722,0.07615177266985126,31.2
40,0.004987654320987654,0.7047999978065491,1.616221212121212,-0.2802098149794313,-0.20363258364255588,-0.11689921990720938,0.07309431636405954,32.0
41,0.004395061728395062,0.7180444359779358,1.6566242424242426,-0.27941084523844484,-0.2026140904717908,-0.11580634099721794,0.0704775136721413,32.8
42,0.0039012345679012342,0.7308888912200928,1.6970272727272726,-0.2787233403935134,-0.20165093114296556,-0.11442226596818225,0.06811587318131902,33.6
43,0.0035061728395061726,0.7443999886512757,1.7374303030303029,-0.2781120637750826,-0.2007365794928777,-0.11289932210393519,0.06600340875277463,34.4
44,0.003259259259259259,0.7566222310066223,1.7778333333333332,-0.277716706875983,-0.1998676140554375,-0.11186002595184834,0.06403243860452376,35.2
45,0.0027160493827160493,0.7676444530487061,1.8182363636363637,-0.2774778245157905,-0.19901620603901865,-0.11089294008029571,0.06229284842011449,36.0
46,0.0023209876543209876,0.7788000106811523,1.858639393939394,-0.27676336725632245,-0.19815815204151904,-0.10998357874612896,0.06083215028208087,36.8
47,0.002123456790123457,0.7884888887405396,1.8990424242424244,-0.2760802831626813,-0.19733846999586288,-0.10984549078542231,0.059528949592525436,37.6
48,0.0017777777777777779,0.7992889046669006,1.9394454545454543,-0.2759135165854436,-0.19655604882029,-0.10895653423365852,0.05837659705101796,38.4
49,0.0014814814814814814,0.8087111115455627,1.9798484848484847,-0.2753635449699423,-0.1958085110372022,-0.10785748546610172,0.05740587785671562,39.2
50,0.0012345679012345679,0.8177777886390686,2.0202515151515152,-0.2752686453542984,-0.19509266224684793,-0.10657330620241283,0.05661724764815836,40.0
51,0.0011358024691358025,0.826622211933136,2.0606545454545455,-0.2746906194749992,-0.1944024330000593,-0.10572069624465934,0.05591458234821971,40.8
52,0.0008888888888888889,0.8352000117301941,2.101057575757576,-0.2742756976399259,-0.1937315868957897,-0.10483942483174843,0.05532910688025865,41.6
53,0.0008395061728395062,0.844266676902771,2.141460606060606,-0.2730294661054683,-0.19308805668305085,-0.10389060094533294,0.05478884275792191,42.4
54,0.0008395061728395062,0.8522222161293029,2.1818636363636363,-0.27261578711753925,-0.19246930247992894,-0.1031084460714975,0.05427414188435527,43.2
55,0.0007407407407407407,0.8597333431243896,2.2222666666666666,-0.2724831379744347,-0.19187470861234718,-0.10263063168265503,0.05376663645750818,44.0
56,0.000691358024691358,0.8672444462776184,2.2626696969696973,-0.27265643840368803,-0.19130253633032843,-0.10214652635873296,0.05332620865534221,44.8
57,0.0005925925925925926,0.8736888885498046,2.3030727272727276,-0.2725909004151629,-0.1907512909674632,-0.10111119080168718,0.052921278865642976,45.6
58,0.0004938271604938272,0.8794222235679626,2.343475757575758,-0.27180765654497696,-0.19021895906732228,-0.10031650020361085,0.05257074537877362,46.4
59,0.0004938271604938272,0.884755539894104,2.383878787878788,-0.2719131009537104,-0.18970082374481362,-0.09935350963388045,0.05226840711602988,47.2
60,0.0004938271604938272,0.8901777744293213,2.4242818181818184,-0.2714467321453333,-0.1891945308290796,-0.09853006344305552,0.05196598112888223,48.0
61,0.0004938271604938272,0.8955555558204651,2.4646848484848487,-0.27138360438430686,-0.18870623608965145,-0.09798135629310115,0.051663463872789875,48.8
62,0.0004938271604938272,0.9005777716636658,2.505087878787879,-0.2715537328233677,-0.18823390869879503,-0.09734094238296104,0.051360854758656406,49.6
63,0.0004938271604938272,0.9063555598258972,2.5454909090909092,-0.2712801246041535,-0.1877779504731493,-0.09660815420106798,0.05105816113815233,50.4
64,0.00039506172839506176,0.9110222220420837,2.5858939393939395,-0.2709289778804157,-0.18733681445191613,-0.09619764064570792,0.05077441019424137,51.2
65,0.0002962962962962963,0.9160888910293579,2.62629696969697,-0.27101905955985195,-0.18690961101029252,-0.09563355806731852,0.05053447734315295,52.0
66,0.00019753086419753088,0.9213777780532837,2.6667,-0.27086911150525017,-0.18649643787815834,-0.095075188240854,0.050380439172300284,52.8
67,0.00014814814814814815,0.9264888882637023,2.7071030303030303,-0.27093803044319426,-0.18609537968237705,-0.09446068135115665,0.05027968295447878,53.6
68,9.876543209876544e-05,0.9310222148895264,2.7475060606060606,-0.2708948068955847,-0.18570617995603875,-0.093706836763643,0.05021224952683508,54.4
69,9.876543209876544e-05,0.9354666829109192,2.787909090909091,-0.27074394503393356,-0.1853291584458436,-0.09308095873553371,0.05014981197992156,55.2
70,4.938271604938272e-05,0.9387555599212647,2.828312121212121,-0.2703558784886896,-0.1849341373264684,-0.09255520320575844,0.05011798409390511,56.0
71,4.938271604938272e-05,0.9425333261489868,2.8687151515151514,-0.2702201956230205,-0.18454646741336495,-0.09187999798636978,0.0500867653858005,56.8
72,4.938271604938272e-05,0.9449333310127258,2.9091181818181817,-0.2697959679298249,-0.18417062017408245,-0.09123866782262997,0.05005554668868244,57.6
73,4.938271604938272e-05,0.948800003528595,2.9495212121212124,-0.2697979972831886,-0.18380543025639018,-0.09063854458085388,0.05002432796940879,58.4
74,0.0,0.9519111156463623,2.9899242424242427,-0.26988649648726615,-0.18345013193486132,-0.0900578910790654,0.05,59.2
75,0.0,0.9549333214759826,3.030327272727273,-0.2695092923444812,-0.18310554566258005,-0.08934577950738218,0.05,60.0
76,0.0,0.9575555562973023,3.0707303030303033,-0.26926758300113746,-0.18276929081402132,-0.08864024611577295,0.05,60.8
77,0.0,0.9602222204208374,3.1111333333333335,-0.26930300677355035,-0.18244249791953343,-0.08876122599409222,0.05,61.6
78,0.0,0.9623555660247802,3.151536363636364,-0.2691679899774373,-0.18212391518119248,-0.08837945891711033,0.05,62.4
79,0.0,0.9642666816711426,3.191939393939394,-0.2688716791786349,-0.18181441606387477,-0.08774323243753955,0.05,63.2
80,0.0,0.9658222198486328,3.2323424242424244,-0.26838103419235293,-0.18150447209273782,-0.08746042570505862,0.05,64.0
81,0.0,0.967377781867981,3.272745454545455,-0.2681128609606635,-0.18120153046530166,-0.08674370674965717,0.05,64.8
82,0.0,0.9690222263336181,3.3131484848484845,-0.2680322661037778,-0.1809056486855166,-0.0857403440597299,0.05,65.6
83,0.0,0.9709333419799805,3.3535515151515147,-0.2679625547740509,-0.1806182164545966,-0.08507632029977685,0.05,66.4
84,0.0,0.9724888920783996,3.3939545454545454,-0.2680945998312086,-0.18033658518643128,-0.08481918273472973,0.05,67.2
85,0.0,0.9745333313941955,3.4343575757575757,-0.26786503096882897,-0.18006202741248004,-0.0842808064075686,0.05,68.0
86,0.0,0.9756444454193115,3.474760606060606,-0.2675464449102988,-0.17979400827816766,-0.08382566567688395,0.05,68.8
87,0.0,0.9765333294868469,3.5151636363636363,-0.2674647236498585,-0.17953227785658638,-0.08342687479894975,0.05,69.6
88,0.0,0.9777777791023254,3.5555666666666665,-0.26755092726464313,-0.17927713975445497,-0.08306521810395484,0.05,70.4
89,0.0,0.9788888931274414,3.5959696969696973,-0.26736574261537477,-0.17902717815414815,-0.08284972106365099,0.05,71.2
90,0.0,0.980133330821991,3.6363727272727275,-0.2671926976014511,-0.17878303123668315,-0.08255810877633316,0.05,72.0
91,0.0,0.9810666561126709,3.676775757575758,-0.26732124716478606,-0.17854358640371873,-0.08228450385346955,0.05,72.8
92,0.0,0.9823111057281494,3.717178787878788,-0.266805871489729,-0.17831040943141296,-0.08194998806621859,0.05,73.6
93,0.0,0.9832888841629028,3.7575818181818184,-0.26657687312347567,-0.1780825349638402,-0.08166121474392604,0.05,74.4
94,0.0,0.9843555569648743,3.797984848484849,-0.2662695821678204,-0.1778591816209242,-0.08126176534385147,0.05,75.2
95,0.0,0.9851111173629761,3.8383878787878785,-0.26583815952095735,-0.17764101164271975,-0.08087498305825584,0.05,76.0
96,0.0,0.9858222246170044,3.8787909090909087,-0.2657513076710889,-0.17742741889341715,-0.08063931006803422,0.05,76.8
97,0.0,0.9867555737495423,3.9191939393939395,-0.2654181185537073,-0.17721792549362686,-0.08045934212399605,0.05,77.6
98,0.0,0.9872000098228455,3.9595969696969697,-0.2653025987042654,-0.17701259589319657,-0.08014387426381249,0.05,78.4
99,0.0,0.9881333351135254,4.0,-0.2653430313850252,-0.1768119511960107,-0.07974797940649773,0.05,79.2
