,Avg_prob_test,Coverage_test,Eps,Lower_test,Test_val,Upper_test,Violations_test,index
0,0.4959012345679012,0.0,0.0001,-0.40777422582626777,-0.29761303086191626,-0.1917316552596595,3.830067765497561,0.0
1,0.48029629629629633,0.000666666665347293,0.040503030303030305,-0.40777422328236285,-0.2976130312487943,-0.19173165552903582,3.639948624918148,0.8
2,0.464641975308642,0.00257777776569128,0.0809060606060606,-0.4077742226372405,-0.2976130322760324,-0.1917316567725531,3.455836471410179,1.6
3,0.44735802469135794,0.006577777862548828,0.1213090909090909,-0.40777422247114803,-0.2976130319261917,-0.19173165688101895,3.2779160972228767,2.4
4,0.43056790123456795,0.012622222304344177,0.1617121212121212,-0.40777422262194973,-0.29761303166256403,-0.19173165619130902,3.1070083394282593,3.2
5,0.4143703703703704,0.019155555218458176,0.2021151515151515,-0.40777422246089695,-0.2976130296406175,-0.1917316544208391,2.942363390409304,4.0
6,0.3982222222222222,0.02839999981224537,0.2425181818181818,-0.4077742207429698,-0.297613028521551,-0.1917316548915328,2.784126877748115,4.8
7,0.38296296296296295,0.03800000101327896,0.28292121212121213,-0.4077742135154171,-0.2976130269945265,-0.19173165552417376,2.6320850891153684,5.6
8,0.36893827160493825,0.04951111078262329,0.3233242424242424,-0.4077741843070795,-0.29761301533336343,-0.19173164023609454,2.4857487142449597,6.4
9,0.3535802469135802,0.06306666731834412,0.3637272727272727,-0.4077742191529275,-0.2976130280633585,-0.1917316524829551,2.345276620214909,7.2
10,0.3380246913580247,0.07822222262620926,0.40413030303030306,-0.39795248895394897,-0.2885289410549955,-0.18608809547887667,2.0866003324070737,8.0
11,0.32202469135802464,0.09493333250284194,0.44453333333333334,-0.36889431994720195,-0.2665415968618672,-0.17640885319534114,1.7059929262974223,8.8
12,0.30671604938271607,0.1105777770280838,0.4849363636363636,-0.34907016363492516,-0.25301862519908586,-0.16813108287833586,1.4721610815660937,9.6
13,0.2922962962962963,0.13017778098583221,0.5253393939393939,-0.3352418581311918,-0.2442312549408534,-0.16241992931529242,1.3120758576970857,10.4
14,0.27851851851851855,0.14977777898311614,0.5657424242424243,-0.3247357048634867,-0.23714271989066033,-0.15828597376701825,1.1835745504025266,11.2
15,0.2654320987654321,0.17088888883590697,0.6061454545454545,-0.3162963422492052,-0.23161080688512295,-0.15291709856154326,1.0774622361478552,12.0
16,0.25303703703703706,0.19182222187519074,0.6465484848484848,-0.310026765460503,-0.22723883800493253,-0.15027970109503025,0.987676742931685,12.8
17,0.24093827160493828,0.2129777789115906,0.6869515151515151,-0.30524117230472053,-0.22361561853874345,-0.14772781887887448,0.90870420619146,13.6
18,0.22814814814814816,0.2359111100435257,0.7273545454545454,-0.3012651179404676,-0.22057765746281183,-0.14515492911535566,0.8381900048339925,14.4
19,0.21580246913580248,0.2598666727542877,0.7677575757575757,-0.2974429430582444,-0.21799254799806267,-0.14317685033719874,0.7747898051957308,15.2
20,0.20365432098765432,0.28493332862854004,0.8081606060606059,-0.2948050442201428,-0.21576064769523548,-0.14126166949419935,0.7172770269139601,16.0
21,0.19358024691358025,0.3081333339214325,0.8485636363636363,-0.2916536962822836,-0.21380666568269896,-0.1401424563738592,0.6645095490231918,16.8
22,0.18143209876543212,0.3302666664123535,0.8889666666666667,-0.2890007729253941,-0.21208496702852156,-0.1387539186218644,0.6159794566578596,17.6
23,0.17041975308641974,0.35524444580078124,0.9293696969696971,-0.2870508928865529,-0.21054898656871238,-0.13764610515933207,0.5715237696305179,18.4
24,0.1609382716049383,0.3794666647911072,0.9697727272727272,-0.2854055534920104,-0.2091695040065072,-0.13601431949041198,0.5303654505202634,19.2
25,0.15081481481481482,0.4032000005245209,1.0101757575757575,-0.2836513672271952,-0.20782966607891712,-0.13531058726397083,0.492183989056444,20.0
26,0.1426172839506173,0.42662221789360044,1.0505787878787878,-0.2815390258092033,-0.20661125679069872,-0.13443703005991264,0.45666345471234127,20.8
27,0.1334320987654321,0.4494666695594788,1.090981818181818,-0.28016855046919453,-0.20549914772217143,-0.13361412035254805,0.42370249070645893,21.6
28,0.1251358024691358,0.47319999933242796,1.1313848484848485,-0.27936262619891006,-0.20447887205326948,-0.13249654683677714,0.3931648901698265,22.4
29,0.11723456790123457,0.49684444069862366,1.1717878787878788,-0.27803910217391137,-0.20353871787021766,-0.13155648976133072,0.36477790005310323,23.2
30,0.10864197530864197,0.5193777799606323,1.212190909090909,-0.27673825660615736,-0.20266968745928055,-0.13075574401986936,0.3383304585589559,24.0
31,0.10044444444444445,0.542977774143219,1.2525939393939394,-0.2754897724228935,-0.20186470269117898,-0.13032650628316933,0.31402504816429877,24.8
32,0.09323456790123456,0.5664000034332275,1.2929969696969696,-0.2744018275227714,-0.20111571146482093,-0.12964885678985158,0.2917137602045735,25.6
33,0.08720987654320987,0.588355553150177,1.3334,-0.27358619686855185,-0.2004170312286345,-0.12919625320632697,0.2710383518497338,26.4
34,0.08029629629629628,0.6099999904632568,1.3738030303030302,-0.27254471729818974,-0.19976278612218354,-0.1288791872146973,0.25189586075214015,27.2
35,0.07476543209876543,0.6316000103950501,1.4142060606060605,-0.27182948729182965,-0.19914994904368905,-0.12822445861095705,0.2343191962414926,28.0
36,0.06888888888888889,0.6526222229003906,1.4546090909090907,-0.2709593282546327,-0.1985742232739639,-0.127735811898267,0.21801355816023987,28.8
37,0.06325925925925927,0.6747111082077026,1.4950121212121212,-0.2698618146070532,-0.19803261948048737,-0.12731644665532565,0.20308798789149218,29.6
38,0.05871604938271605,0.6942222237586975,1.5354151515151515,-0.2692607821408154,-0.19752163513195745,-0.1268448359439075,0.18933112298107996,30.4
39,0.05412345679012346,0.7122666597366333,1.5758181818181818,-0.2687400110301187,-0.19703888891100207,-0.12644842748118418,0.17662610725895686,31.2
40,0.05007407407407407,0.7304888963699341,1.616221212121212,-0.2684620092770239,-0.19658217726513655,-0.12616459887962866,0.16498587276408933,32.0
41,0.045086419753086415,0.7493333339691162,1.6566242424242426,-0.26793596942204995,-0.19614965934312392,-0.12589204359407896,0.1543664983027962,32.8
42,0.04133333333333333,0.7659999966621399,1.6970272727272726,-0.2672140165089691,-0.19573835970006087,-0.12558306237736677,0.14472072359707872,33.6
43,0.037975308641975306,0.782622218132019,1.7374303030303029,-0.2666843456641741,-0.1953476106617712,-0.12523896597312273,0.13589649093849127,34.4
44,0.034666666666666665,0.7971111178398133,1.7778333333333332,-0.2663662669751453,-0.1949756735355556,-0.12467782277181252,0.12782572757723493,35.2
45,0.03234567901234568,0.812577760219574,1.8182363636363637,-0.2658386507426943,-0.19462117154374647,-0.12426745275675197,0.12043880761700813,36.0
46,0.029827160493827158,0.8253777742385864,1.858639393939394,-0.26572974031124563,-0.19428294573018182,-0.12388172053874628,0.11355153297177807,36.8
47,0.026567901234567905,0.8387999892234802,1.8990424242424244,-0.265160021548421,-0.1939602545355807,-0.12351565589364859,0.10735861494858359,37.6
48,0.024296296296296295,0.8496888756752015,1.9394454545454543,-0.26456516495747395,-0.19363274074630166,-0.12298889923250789,0.10172640547638812,38.4
49,0.022469135802469134,0.8614222288131714,1.9798484848484847,-0.2642498903154564,-0.19331528827632924,-0.1226364294016836,0.09651881053861178,39.2
50,0.020493827160493826,0.8726666688919067,2.0202515151515152,-0.26374131982843874,-0.1930119697092027,-0.1222042611511763,0.09178911615579685,40.0
51,0.01837037037037037,0.8814222335815429,2.0606545454545455,-0.2633117503920718,-0.19272096323326743,-0.12196169026953807,0.08750848021716166,40.8
52,0.016493827160493826,0.8919999957084656,2.101057575757576,-0.26280946509970404,-0.1924408949571425,-0.12194860959963827,0.08368211584979966,41.6
53,0.014567901234567904,0.9020444273948669,2.141460606060606,-0.26261542383252257,-0.1921720228101887,-0.12174412300038925,0.08024325014416187,42.4
54,0.0134320987654321,0.9096444487571717,2.1818636363636363,-0.2623695353603882,-0.1919136501456614,-0.12140531824015352,0.07716562269300639,43.2
55,0.012197530864197531,0.9169777870178223,2.2222666666666666,-0.261828601780197,-0.1916651495453141,-0.12098638292236656,0.07432532195754224,44.0
56,0.011308641975308642,0.9249333262443542,2.2626696969696973,-0.26138335197308693,-0.19142587136464057,-0.12093520638300596,0.07175653484345339,44.8
57,0.010222222222222223,0.9311555624008179,2.3030727272727276,-0.2611585760704315,-0.1911952331866991,-0.12069678650504748,0.0693808025218334,45.6
58,0.00928395061728395,0.9366666674613953,2.343475757575758,-0.2610334118322359,-0.1909727537960249,-0.12047290287056076,0.06723207435250905,46.4
59,0.008197530864197531,0.9427999973297119,2.383878787878788,-0.26091965721990157,-0.19075806072490392,-0.12023462599443628,0.0653211973795936,47.2
60,0.007506172839506173,0.9476444363594055,2.4242818181818184,-0.26089634525125033,-0.1905505571235655,-0.11989253468970633,0.06358617169734948,48.0
61,0.006666666666666666,0.952311110496521,2.4646848484848487,-0.2607097357063226,-0.19035004218672583,-0.11946480049327761,0.06203017966655646,48.8
62,0.006123456790123457,0.9569777846336365,2.505087878787879,-0.26036051335965876,-0.19015667668904865,-0.11932181358889031,0.060627681598088255,49.6
63,0.0057777777777777775,0.9611555576324463,2.5454909090909092,-0.26015620408521173,-0.18996916702916308,-0.1190546569348997,0.0593145090560798,50.4
64,0.005185185185185185,0.9646222233772278,2.5858939393939395,-0.25980022826275634,-0.18978812002060091,-0.11878229434535881,0.05811003238071892,51.2
65,0.0044444444444444444,0.9683555483818054,2.62629696969697,-0.2595911713374921,-0.18961260831650179,-0.11872685331445906,0.05705081008800764,52.0
66,0.0036049382716049384,0.9712888836860657,2.6667,-0.25942704516499204,-0.1894425157490071,-0.11869288719756357,0.05617970724340195,52.8
67,0.0033086419753086418,0.9742666602134704,2.7071030303030303,-0.2591356217083697,-0.18927742053083893,-0.11860640616035689,0.05543385564554133,53.6
68,0.00291358024691358,0.9764888882637024,2.7475060606060606,-0.25906707563296655,-0.1891174140526381,-0.11852648188761057,0.054747826319712936,54.4
69,0.0024691358024691358,0.979111123085022,2.787909090909091,-0.25889076512583564,-0.18896218127115674,-0.11835869154810144,0.05414576192313443,55.2
70,0.0020246913580246914,0.9809333443641662,2.828312121212121,-0.25870551541043174,-0.18881150685326448,-0.11830070628172182,0.053668266301293586,56.0
71,0.0018271604938271606,0.982711112499237,2.8687151515151514,-0.25849119370286056,-0.18866518786427977,-0.11806252937713638,0.05325307341355788,56.8
72,0.0016296296296296295,0.9844000101089477,2.9091181818181817,-0.258348339079772,-0.18852303467647533,-0.11789974628900186,0.0528813301452276,57.6
73,0.0013827160493827162,0.9863555669784546,2.9495212121212124,-0.25816086187186543,-0.188384871634057,-0.11770337047113895,0.05255158755523641,58.4
74,0.0012839506172839508,0.9878666520118713,2.9899242424242427,-0.2580266101351503,-0.18824942484242538,-0.11761606371574544,0.052260410626921924,59.2
75,0.001037037037037037,0.9893333315849304,3.030327272727273,-0.2578653777393147,-0.18811856838827934,-0.11751863359072719,0.05200179832353904,60.0
76,0.0009382716049382716,0.9907111048698425,3.0707303030303033,-0.25775104113681613,-0.18799121637020358,-0.11750657434974754,0.051783292758073564,60.8
77,0.0008888888888888889,0.9917333245277404,3.1111333333333335,-0.25755197922106793,-0.18786722931699495,-0.11734193286618169,0.05158360261603022,61.6
78,0.0008888888888888889,0.9924000024795532,3.151536363636364,-0.2573835781765342,-0.18774647858078317,-0.11727527569274725,0.0513890074746667,62.4
79,0.0007901234567901235,0.9932888865470886,3.191939393939394,-0.25710782675915933,-0.18762883612416517,-0.1171414637072689,0.05120590670519546,63.2
80,0.0006913580246913581,0.994266676902771,3.2323424242424244,-0.2569994813430484,-0.1875142934452258,-0.11708427392396889,0.05104632212019915,64.0
81,0.0006419753086419754,0.9948000073432922,3.272745454545455,-0.25696376123866604,-0.18740275679645038,-0.11700691832448391,0.050905809696247736,64.8
82,0.0005432098765432099,0.9954222321510315,3.3131484848484845,-0.2570126341474453,-0.1872938733011873,-0.11690172531757907,0.0507748616100935,65.6
83,0.00044444444444444447,0.9961333274841309,3.3535515151515147,-0.2569061617994164,-0.1871875159401814,-0.11680793914139372,0.05067466263577207,66.4
84,0.00039506172839506176,0.996577775478363,3.3939545454545454,-0.2567592692807191,-0.18708373096019495,-0.11656438715953348,0.05058223118072778,67.2
85,0.00029629629629629635,0.9969777703285218,3.4343575757575757,-0.25671537359604696,-0.18698242592138456,-0.1162284813293523,0.050510670550541995,68.0
86,0.00029629629629629635,0.9972444534301758,3.474760606060606,-0.25657595103145564,-0.18688351291055808,-0.11603301099268389,0.05044665267944861,68.8
87,0.00029629629629629635,0.9975555419921875,3.5151636363636363,-0.2564227175171343,-0.18678690566522038,-0.11600363185879954,0.050382625919713896,69.6
88,0.0002469135802469136,0.9978666663169861,3.5555666666666665,-0.2563320829026874,-0.18669284026948268,-0.1159767702036811,0.05032695656544543,70.4
89,0.00019753086419753088,0.9981777787208557,3.5959696969696973,-0.2562244935552835,-0.18660060864399414,-0.11585186259615973,0.05027788183055135,71.2
90,0.00014814814814814817,0.9984444499015808,3.6363727272727275,-0.25608764840027837,-0.18651045620015105,-0.11573141982363919,0.05023859056232112,72.0
91,0.00014814814814814817,0.9988000154495239,3.676775757575758,-0.2560040113134773,-0.18642231311701268,-0.1155486640421755,0.05020666376478207,72.8
92,0.00014814814814814817,0.9990222215652466,3.717178787878788,-0.2558301900959722,-0.18633611277963075,-0.11540470324181684,0.05017473096970994,73.6
93,0.00014814814814814817,0.9990222215652466,3.7575818181818184,-0.2556427370077946,-0.18625179140837317,-0.11530130400673985,0.050142792377616506,74.4
94,0.00014814814814814817,0.9992444276809692,3.797984848484849,-0.2554547150750958,-0.18616928749775777,-0.1151119941350596,0.050110848170609276,75.2
95,0.00014814814814814817,0.9994222164154053,3.8383878787878785,-0.25542840818996726,-0.1860883008388175,-0.11510868716589015,0.05007889853703279,76.0
96,9.876543209876544e-05,0.9994666576385498,3.8787909090909087,-0.25536832852405195,-0.18600939784285803,-0.11509958531304884,0.05005569110690807,76.8
97,4.938271604938272e-05,0.9995111107826233,3.9191939393939395,-0.2554198220125787,-0.18593346148015455,-0.11510129775890399,0.050039379996973964,77.6
98,4.938271604938272e-05,0.9995555639266968,3.9595969696969697,-0.25534477683932033,-0.1858578776103823,-0.11500887719612304,0.050029149079906,78.4
99,4.938271604938272e-05,0.9996444582939148,4.0,-0.25520595276714075,-0.18578374190524577,-0.11490423229257771,0.05001890789902671,79.2
